	0.0019		0.85712		0.89133		0.84953
	0.0028		0.85713		0.89136		0.84952
	0.0037		0.85714		0.89138		0.84951
	0.00459		0.85715		0.89141		0.8495
	0.00549		0.85715		0.89143		0.84948
	0.00639		0.85716		0.89146		0.84947
	0.00729		0.85717		0.89148		0.84946
	0.00819		0.85718		0.89151		0.84945
	0.00909		0.85719		0.89153		0.84944
	0.00998		0.8572		0.89156		0.84942
	0.01088		0.85721		0.89159		0.84941
	0.01178		0.85722		0.89161		0.8494
	0.01268		0.85723		0.89164		0.84939
	0.01358		0.85724		0.89166		0.84938
	0.01448		0.85725		0.89169		0.84936
	0.01537		0.85726		0.89171		0.84935
	0.01627		0.85727		0.89174		0.84934
	0.01717		0.85728		0.89176		0.84933
	0.01807		0.85729		0.89179		0.84931
	0.01897		0.8573		0.89182		0.8493
	0.01987		0.85731		0.89184		0.84929
	0.02076		0.85732		0.89187		0.84928
	0.02166		0.85733		0.89189		0.84926
	0.02256		0.85734		0.89192		0.84925
	0.02346		0.85734		0.89195		0.84924
	0.02436		0.85735		0.89197		0.84922
	0.02526		0.85736		0.892		0.84921
	0.02615		0.85737		0.89202		0.8492
	0.02705		0.85738		0.89205		0.84918
	0.02795		0.85739		0.89208		0.84917
	0.02885		0.8574		0.8921		0.84916
	0.02975		0.85741		0.89213		0.84914
	0.03065		0.85742		0.89215		0.84913
	0.03154		0.85743		0.89218		0.84912
	0.03244		0.85744		0.89221		0.8491
	0.03334		0.85745		0.89223		0.84909
	0.03424		0.85746		0.89226		0.84908
	0.03514		0.85747		0.89229		0.84906
	0.03604		0.85748		0.89231		0.84905
	0.03693		0.85749		0.89234		0.84903
	0.03783		0.85749		0.89237		0.84902
	0.03873		0.8575		0.89239		0.84901
	0.03963		0.85751		0.89242		0.84899
	0.04053		0.85752		0.89244		0.84898
	0.04143		0.85753		0.89247		0.84896
	0.04232		0.85754		0.8925		0.84895
	0.04322		0.85755		0.89253		0.84893
	0.04412		0.85756		0.89255		0.84892
	0.04502		0.85757		0.89258		0.84891
	0.04592		0.85758		0.89261		0.84889
	0.04681		0.85759		0.89263		0.84888
	0.04771		0.8576		0.89266		0.84886
	0.04861		0.85761		0.89269		0.84885
	0.04951		0.85762		0.89271		0.84883
	0.05041		0.85763		0.89274		0.84882
	0.05131		0.85763		0.89277		0.8488
	0.0522		0.85764		0.89279		0.84879
	0.0531		0.85765		0.89282		0.84877
	0.054		0.85766		0.89285		0.84876
	0.0549		0.85767		0.89288		0.84874
	0.0558		0.85768		0.8929		0.84873
	0.05669		0.85769		0.89293		0.84871
	0.05759		0.8577		0.89296		0.84869
	0.05849		0.85771		0.89298		0.84868
	0.05939		0.85772		0.89301		0.84866
	0.06029		0.85773		0.89304		0.84865
	0.06118		0.85774		0.89307		0.84863
	0.06208		0.85775		0.8931		0.84861
	0.06298		0.85775		0.89312		0.8486
	0.06388		0.85776		0.89315		0.84858
	0.06478		0.85777		0.89318		0.84857
	0.06567		0.85778		0.89321		0.84855
	0.06657		0.85779		0.89323		0.84853
	0.06747		0.8578		0.89326		0.84852
	0.06837		0.85781		0.89329		0.8485
	0.06927		0.85782		0.89332		0.84848
	0.07017		0.85783		0.89334		0.84847
	0.07106		0.85784		0.89337		0.84845
	0.07196		0.85785		0.8934		0.84843
	0.07286		0.85785		0.89343		0.84842
	0.07376		0.85786		0.89346		0.8484
	0.07466		0.85787		0.89348		0.84838
	0.07555		0.85788		0.89351		0.84837
	0.07645		0.85789		0.89354		0.84835
	0.07735		0.8579		0.89357		0.84833
	0.07825		0.85791		0.8936		0.84831
	0.07915		0.85792		0.89363		0.8483
	0.08004		0.85793		0.89365		0.84828
	0.08094		0.85794		0.89368		0.84826
	0.08184		0.85795		0.89371		0.84824
	0.08274		0.85795		0.89374		0.84823
	0.08363		0.85796		0.89377		0.84821
	0.08453		0.85797		0.8938		0.84819
	0.08543		0.85798		0.89383		0.84817
	0.08633		0.85799		0.89385		0.84815
	0.08723		0.858		0.89388		0.84813
	0.08812		0.85801		0.89391		0.84812
	0.08902		0.85802		0.89394		0.8481
	0.08992		0.85803		0.89397		0.84808
	0.09082		0.85803		0.894		0.84806
	0.09172		0.85804		0.89403		0.84804
	0.09261		0.85805		0.89406		0.84802
	0.09351		0.85806		0.89408		0.848
	0.09441		0.85807		0.89411		0.84798
	0.09531		0.85808		0.89414		0.84797
	0.09621		0.85809		0.89417		0.84795
	0.0971		0.8581		0.8942		0.84793
	0.098		0.85811		0.89423		0.84791
	0.0989		0.85811		0.89426		0.84789
	0.0998		0.85812		0.89429		0.84787
	0.10069		0.85813		0.89432		0.84785
	0.10159		0.85814		0.89435		0.84783
	0.10249		0.85815		0.89438		0.84781
	0.10339		0.85816		0.89441		0.84779
	0.10429		0.85817		0.89444		0.84777
	0.10518		0.85818		0.89447		0.84775
	0.10608		0.85818		0.89449		0.84773
	0.10698		0.85819		0.89452		0.84771
	0.10788		0.8582		0.89455		0.84769
	0.10877		0.85821		0.89458		0.84767
	0.10967		0.85822		0.89461		0.84765
	0.11057		0.85823		0.89464		0.84763
	0.11147		0.85824		0.89467		0.84761
	0.11236		0.85825		0.8947		0.84758
	0.11326		0.85825		0.89473		0.84756
	0.11416		0.85826		0.89476		0.84754
	0.11506		0.85827		0.89479		0.84752
	0.11596		0.85828		0.89482		0.8475
	0.11685		0.85829		0.89485		0.84748
	0.11775		0.8583		0.89488		0.84746
	0.11865		0.85831		0.89491		0.84743
	0.11955		0.85831		0.89494		0.84741
	0.12044		0.85832		0.89497		0.84739
	0.12134		0.85833		0.89501		0.84737
	0.12224		0.85834		0.89504		0.84735
	0.12314		0.85835		0.89507		0.84733
	0.12403		0.85836		0.8951		0.8473
	0.12493		0.85837		0.89513		0.84728
	0.12583		0.85837		0.89516		0.84726
	0.12673		0.85838		0.89519		0.84724
	0.12762		0.85839		0.89522		0.84721
	0.12852		0.8584		0.89525		0.84719
	0.12942		0.85841		0.89528		0.84717
	0.13032		0.85842		0.89531		0.84714
	0.13121		0.85842		0.89534		0.84712
	0.13211		0.85843		0.89537		0.8471
	0.13301		0.85844		0.8954		0.84707
	0.13391		0.85845		0.89544		0.84705
	0.1348		0.85846		0.89547		0.84703
	0.1357		0.85847		0.8955		0.847
	0.1366		0.85847		0.89553		0.84698
	0.1375		0.85848		0.89556		0.84696
	0.13839		0.85849		0.89559		0.84693
	0.13929		0.8585		0.89562		0.84691
	0.14019		0.85851		0.89565		0.84688
	0.14109		0.85852		0.89569		0.84686
	0.14198		0.85852		0.89572		0.84683
	0.14288		0.85853		0.89575		0.84681
	0.14378		0.85854		0.89578		0.84678
	0.14468		0.85855		0.89581		0.84676
	0.14557		0.85856		0.89584		0.84673
	0.14647		0.85857		0.89588		0.84671
	0.14737		0.85857		0.89591		0.84668
	0.14827		0.85858		0.89594		0.84666
	0.14916		0.85859		0.89597		0.84663
	0.15006		0.8586		0.896		0.84661
	0.15096		0.85861		0.89604		0.84658
	0.15185		0.85861		0.89607		0.84656
	0.15275		0.85862		0.8961		0.84653
	0.15365		0.85863		0.89613		0.8465
	0.15455		0.85864		0.89616		0.84648
	0.15544		0.85865		0.8962		0.84645
	0.15634		0.85865		0.89623		0.84643
	0.15724		0.85866		0.89626		0.8464
	0.15813		0.85867		0.89629		0.84637
	0.15903		0.85868		0.89633		0.84635
	0.15993		0.85869		0.89636		0.84632
	0.16083		0.85869		0.89639		0.84629
	0.16172		0.8587		0.89643		0.84626
	0.16262		0.85871		0.89646		0.84624
	0.16352		0.85872		0.89649		0.84621
	0.16442		0.85872		0.89652		0.84618
	0.16531		0.85873		0.89656		0.84615
	0.16621		0.85874		0.89659		0.84613
	0.16711		0.85875		0.89662		0.8461
	0.168		0.85876		0.89666		0.84607
	0.1689		0.85876		0.89669		0.84604
	0.1698		0.85877		0.89672		0.84601
	0.17069		0.85878		0.89676		0.84598
	0.17159		0.85879		0.89679		0.84596
	0.17249		0.85879		0.89682		0.84593
	0.17339		0.8588		0.89686		0.8459
	0.17428		0.85881		0.89689		0.84587
	0.17518		0.85882		0.89692		0.84584
	0.17608		0.85882		0.89696		0.84581
	0.17697		0.85883		0.89699		0.84578
	0.17787		0.85884		0.89702		0.84575
	0.17877		0.85885		0.89706		0.84572
	0.17966		0.85885		0.89709		0.84569
	0.18056		0.85886		0.89713		0.84566
	0.18146		0.85887		0.89716		0.84563
	0.18236		0.85888		0.89719		0.8456
	0.18325		0.85888		0.89723		0.84557
	0.18415		0.85889		0.89726		0.84554
	0.18505		0.8589		0.8973		0.84551
	0.18594		0.85891		0.89733		0.84548
	0.18684		0.85891		0.89736		0.84545
	0.18774		0.85892		0.8974		0.84541
	0.18863		0.85893		0.89743		0.84538
	0.18953		0.85894		0.89747		0.84535
	0.19043		0.85894		0.8975		0.84532
	0.19132		0.85895		0.89754		0.84529
	0.19222		0.85896		0.89757		0.84526
	0.19312		0.85896		0.89761		0.84522
	0.19401		0.85897		0.89764		0.84519
	0.19491		0.85898		0.89768		0.84516
	0.19581		0.85899		0.89771		0.84513
	0.1967		0.85899		0.89775		0.84509
	0.1976		0.859		0.89778		0.84506
	0.1985		0.85901		0.89782		0.84503
	0.19939		0.85901		0.89785		0.84499
	0.20029		0.85902		0.89789		0.84496
	0.20119		0.85903		0.89792		0.84493
	0.20208		0.85903		0.89796		0.84489
	0.20298		0.85904		0.89799		0.84486
	0.20388		0.85905		0.89803		0.84483
	0.20477		0.85905		0.89806		0.84479
	0.20567		0.85906		0.8981		0.84476
	0.20657		0.85907		0.89814		0.84472
	0.20746		0.85907		0.89817		0.84469
	0.20836		0.85908		0.89821		0.84465
	0.20926		0.85909		0.89824		0.84462
	0.21015		0.85909		0.89828		0.84458
	0.21105		0.8591		0.89832		0.84455
	0.21194		0.85911		0.89835		0.84451
	0.21284		0.85911		0.89839		0.84448
	0.21374		0.85912		0.89842		0.84444
	0.21463		0.85913		0.89846		0.8444
	0.21553		0.85913		0.8985		0.84437
	0.21643		0.85914		0.89853		0.84433
	0.21732		0.85915		0.89857		0.84429
	0.21822		0.85915		0.89861		0.84426
	0.21912		0.85916		0.89864		0.84422
	0.22001		0.85917		0.89868		0.84418
	0.22091		0.85917		0.89872		0.84415
	0.2218		0.85918		0.89875		0.84411
	0.2227		0.85919		0.89879		0.84407
	0.2236		0.85919		0.89883		0.84403
	0.22449		0.8592		0.89886		0.84399
	0.22539		0.8592		0.8989		0.84396
	0.22628		0.85921		0.89894		0.84392
	0.22718		0.85922		0.89898		0.84388
	0.22808		0.85922		0.89901		0.84384
	0.22897		0.85923		0.89905		0.8438
	0.22987		0.85923		0.89909		0.84376
	0.23077		0.85924		0.89913		0.84372
	0.23166		0.85925		0.89916		0.84368
	0.23256		0.85925		0.8992		0.84364
	0.23345		0.85926		0.89924		0.8436
	0.23435		0.85926		0.89928		0.84356
	0.23525		0.85927		0.89932		0.84352
	0.23614		0.85928		0.89935		0.84348
	0.23704		0.85928		0.89939		0.84344
	0.23793		0.85929		0.89943		0.8434
	0.23883		0.85929		0.89947		0.84336
	0.23972		0.8593		0.89951		0.84332
	0.24062		0.8593		0.89955		0.84328
	0.24152		0.85931		0.89958		0.84323
	0.24241		0.85932		0.89962		0.84319
	0.24331		0.85932		0.89966		0.84315
	0.2442		0.85933		0.8997		0.84311
	0.2451		0.85933		0.89974		0.84306
	0.246		0.85934		0.89978		0.84302
	0.24689		0.85934		0.89982		0.84298
	0.24779		0.85935		0.89986		0.84294
	0.24868		0.85935		0.89989		0.84289
	0.24958		0.85936		0.89993		0.84285
	0.25047		0.85936		0.89997		0.8428
	0.25137		0.85937		0.90001		0.84276
	0.25226		0.85937		0.90005		0.84272
	0.25316		0.85938		0.90009		0.84267
	0.25406		0.85938		0.90013		0.84263
	0.25495		0.85939		0.90017		0.84258
	0.25585		0.85939		0.90021		0.84254
	0.25674		0.8594		0.90025		0.84249
	0.25764		0.8594		0.90029		0.84245
	0.25853		0.85941		0.90033		0.8424
	0.25943		0.85941		0.90037		0.84235
	0.26032		0.85942		0.90041		0.84231
	0.26122		0.85942		0.90045		0.84226
	0.26211		0.85943		0.90049		0.84221
	0.26301		0.85943		0.90053		0.84217
	0.2639		0.85944		0.90057		0.84212
	0.2648		0.85944		0.90061		0.84207
	0.2657		0.85945		0.90065		0.84202
	0.26659		0.85945		0.90069		0.84198
	0.26749		0.85946		0.90074		0.84193
	0.26838		0.85946		0.90078		0.84188
	0.26928		0.85947		0.90082		0.84183
	0.27017		0.85947		0.90086		0.84178
	0.27107		0.85947		0.9009		0.84173
	0.27196		0.85948		0.90094		0.84168
	0.27286		0.85948		0.90098		0.84163
	0.27375		0.85949		0.90102		0.84158
	0.27465		0.85949		0.90107		0.84153
	0.27554		0.85949		0.90111		0.84148
	0.27644		0.8595		0.90115		0.84143
	0.27733		0.8595		0.90119		0.84138
	0.27823		0.85951		0.90123		0.84133
	0.27912		0.85951		0.90127		0.84128
	0.28002		0.85951		0.90132		0.84123
	0.28091		0.85952		0.90136		0.84117
	0.2818		0.85952		0.9014		0.84112
	0.2827		0.85953		0.90144		0.84107
	0.28359		0.85953		0.90149		0.84102
	0.28449		0.85953		0.90153		0.84096
	0.28538		0.85954		0.90157		0.84091
	0.28628		0.85954		0.90161		0.84086
	0.28717		0.85954		0.90166		0.8408
	0.28807		0.85955		0.9017		0.84075
	0.28896		0.85955		0.90174		0.8407
	0.28986		0.85955		0.90179		0.84064
	0.29075		0.85956		0.90183		0.84059
	0.29164		0.85956		0.90187		0.84053
	0.29254		0.85956		0.90192		0.84048
	0.29343		0.85957		0.90196		0.84042
	0.29433		0.85957		0.902		0.84036
	0.29522		0.85957		0.90205		0.84031
	0.29612		0.85958		0.90209		0.84025
	0.29701		0.85958		0.90213		0.84019
	0.2979		0.85958		0.90218		0.84014
	0.2988		0.85958		0.90222		0.84008
	0.29969		0.85959		0.90227		0.84002
	0.30059		0.85959		0.90231		0.83996
	0.30148		0.85959		0.90236		0.8399
	0.30238		0.85959		0.9024		0.83985
	0.30327		0.8596		0.90244		0.83979
	0.30416		0.8596		0.90249		0.83973
	0.30506		0.8596		0.90253		0.83967
	0.30595		0.8596		0.90258		0.83961
	0.30685		0.85961		0.90262		0.83955
	0.30774		0.85961		0.90267		0.83949
	0.30863		0.85961		0.90271		0.83943
	0.30953		0.85961		0.90276		0.83937
	0.31042		0.85962		0.9028		0.8393
	0.31131		0.85962		0.90285		0.83924
	0.31221		0.85962		0.9029		0.83918
	0.3131		0.85962		0.90294		0.83912
	0.31399		0.85962		0.90299		0.83906
	0.31489		0.85962		0.90303		0.83899
	0.31578		0.85963		0.90308		0.83893
	0.31668		0.85963		0.90313		0.83887
	0.31757		0.85963		0.90317		0.8388
	0.31846		0.85963		0.90322		0.83874
	0.31936		0.85963		0.90326		0.83867
	0.32025		0.85963		0.90331		0.83861
	0.32114		0.85964		0.90336		0.83854
	0.32204		0.85964		0.90341		0.83848
	0.32293		0.85964		0.90345		0.83841
	0.32382		0.85964		0.9035		0.83835
	0.32471		0.85964		0.90355		0.83828
	0.32561		0.85964		0.90359		0.83821
	0.3265		0.85964		0.90364		0.83814
	0.32739		0.85964		0.90369		0.83808
	0.32829		0.85964		0.90374		0.83801
	0.32918		0.85964		0.90378		0.83794
	0.33007		0.85964		0.90383		0.83787
	0.33097		0.85964		0.90388		0.8378
	0.33186		0.85965		0.90393		0.83773
	0.33275		0.85965		0.90398		0.83766
	0.33364		0.85965		0.90402		0.83759
	0.33454		0.85965		0.90407		0.83752
	0.33543		0.85965		0.90412		0.83745
	0.33632		0.85965		0.90417		0.83738
	0.33721		0.85965		0.90422		0.83731
	0.33811		0.85965		0.90427		0.83724
	0.339		0.85965		0.90432		0.83716
	0.33989		0.85965		0.90437		0.83709
	0.34078		0.85965		0.90442		0.83702
	0.34168		0.85965		0.90446		0.83694
	0.34257		0.85964		0.90451		0.83687
	0.34346		0.85964		0.90456		0.8368
	0.34435		0.85964		0.90461		0.83672
	0.34524		0.85964		0.90466		0.83665
	0.34614		0.85964		0.90471		0.83657
	0.34703		0.85964		0.90476		0.8365
	0.34792		0.85964		0.90481		0.83642
	0.34881		0.85964		0.90486		0.83634
	0.3497		0.85964		0.90491		0.83627
	0.3506		0.85964		0.90497		0.83619
	0.35149		0.85964		0.90502		0.83611
	0.35238		0.85963		0.90507		0.83603
	0.35327		0.85963		0.90512		0.83595
	0.35416		0.85963		0.90517		0.83587
	0.35505		0.85963		0.90522		0.83579
	0.35594		0.85963		0.90527		0.83571
	0.35684		0.85963		0.90532		0.83563
	0.35773		0.85962		0.90538		0.83555
	0.35862		0.85962		0.90543		0.83547
	0.35951		0.85962		0.90548		0.83539
	0.3604		0.85962		0.90553		0.83531
	0.36129		0.85962		0.90558		0.83522
	0.36218		0.85961		0.90564		0.83514
	0.36307		0.85961		0.90569		0.83506
	0.36397		0.85961		0.90574		0.83497
	0.36486		0.85961		0.90579		0.83489
	0.36575		0.8596		0.90585		0.83481
	0.36664		0.8596		0.9059		0.83472
	0.36753		0.8596		0.90595		0.83463
	0.36842		0.85959		0.90601		0.83455
	0.36931		0.85959		0.90606		0.83446
	0.3702		0.85959		0.90611		0.83437
	0.37109		0.85959		0.90617		0.83429
	0.37198		0.85958		0.90622		0.8342
	0.37287		0.85958		0.90628		0.83411
	0.37376		0.85957		0.90633		0.83402
	0.37465		0.85957		0.90638		0.83393
	0.37554		0.85957		0.90644		0.83384
	0.37643		0.85956		0.90649		0.83375
	0.37732		0.85956		0.90655		0.83366
	0.37821		0.85955		0.9066		0.83357
	0.3791		0.85955		0.90666		0.83348
	0.37999		0.85955		0.90671		0.83338
	0.38088		0.85954		0.90677		0.83329
	0.38177		0.85954		0.90682		0.8332
	0.38266		0.85953		0.90688		0.8331
	0.38355		0.85953		0.90694		0.83301
	0.38444		0.85952		0.90699		0.83291
	0.38533		0.85952		0.90705		0.83282
	0.38622		0.85951		0.9071		0.83272
	0.38711		0.85951		0.90716		0.83263
	0.38799		0.8595		0.90722		0.83253
	0.38888		0.8595		0.90727		0.83243
	0.38977		0.85949		0.90733		0.83233
	0.39066		0.85949		0.90739		0.83223
	0.39155		0.85948		0.90745		0.83214
	0.39244		0.85947		0.9075		0.83204
	0.39333		0.85947		0.90756		0.83194
	0.39422		0.85946		0.90762		0.83183
	0.3951		0.85946		0.90768		0.83173
	0.39599		0.85945		0.90773		0.83163
	0.39688		0.85944		0.90779		0.83153
	0.39777		0.85944		0.90785		0.83142
	0.39866		0.85943		0.90791		0.83132
	0.39954		0.85942		0.90797		0.83122
	0.40043		0.85941		0.90803		0.83111
	0.40132		0.85941		0.90809		0.83101
	0.40221		0.8594		0.90815		0.8309
	0.4031		0.85939		0.9082		0.83079
	0.40398		0.85939		0.90826		0.83069
	0.40487		0.85938		0.90832		0.83058
	0.40576		0.85937		0.90838		0.83047
	0.40665		0.85936		0.90844		0.83036
	0.40753		0.85935		0.9085		0.83025
	0.40842		0.85935		0.90856		0.83014
	0.40931		0.85934		0.90863		0.83003
	0.41019		0.85933		0.90869		0.82992
	0.41108		0.85932		0.90875		0.82981
	0.41197		0.85931		0.90881		0.82969
	0.41285		0.8593		0.90887		0.82958
	0.41374		0.85929		0.90893		0.82947
	0.41463		0.85928		0.90899		0.82935
	0.41551		0.85927		0.90905		0.82924
	0.4164		0.85926		0.90912		0.82912
	0.41728		0.85926		0.90918		0.829
	0.41817		0.85925		0.90924		0.82889
	0.41906		0.85924		0.9093		0.82877
	0.41994		0.85923		0.90937		0.82865
	0.42083		0.85921		0.90943		0.82853
	0.42171		0.8592		0.90949		0.82841
	0.4226		0.85919		0.90956		0.82829
	0.42348		0.85918		0.90962		0.82817
	0.42437		0.85917		0.90968		0.82805
	0.42525		0.85916		0.90975		0.82793
	0.42614		0.85915		0.90981		0.8278
	0.42702		0.85914		0.90988		0.82768
	0.42791		0.85913		0.90994		0.82755
	0.42879		0.85912		0.91		0.82743
	0.42968		0.8591		0.91007		0.8273
	0.43056		0.85909		0.91013		0.82717
	0.43144		0.85908		0.9102		0.82705
	0.43233		0.85907		0.91027		0.82692
	0.43321		0.85905		0.91033		0.82679
	0.4341		0.85904		0.9104		0.82666
	0.43498		0.85903		0.91046		0.82653
	0.43586		0.85902		0.91053		0.8264
	0.43675		0.859		0.9106		0.82627
	0.43763		0.85899		0.91066		0.82613
	0.43851		0.85898		0.91073		0.826
	0.4394		0.85896		0.9108		0.82586
	0.44028		0.85895		0.91086		0.82573
	0.44116		0.85893		0.91093		0.82559
	0.44204		0.85892		0.911		0.82546
	0.44293		0.85891		0.91107		0.82532
	0.44381		0.85889		0.91114		0.82518
	0.44469		0.85888		0.9112		0.82504
	0.44557		0.85886		0.91127		0.8249
	0.44645		0.85885		0.91134		0.82476
	0.44734		0.85883		0.91141		0.82462
	0.44822		0.85881		0.91148		0.82448
	0.4491		0.8588		0.91155		0.82433
	0.44998		0.85878		0.91162		0.82419
	0.45086		0.85877		0.91169		0.82405
	0.45174		0.85875		0.91176		0.8239
	0.45262		0.85873		0.91183		0.82375
	0.4535		0.85872		0.9119		0.82361
	0.45438		0.8587		0.91197		0.82346
	0.45526		0.85868		0.91204		0.82331
	0.45614		0.85867		0.91211		0.82316
	0.45702		0.85865		0.91218		0.82301
	0.4579		0.85863		0.91226		0.82286
	0.45878		0.85861		0.91233		0.8227
	0.45966		0.85859		0.9124		0.82255
	0.46054		0.85858		0.91247		0.82239
	0.46142		0.85856		0.91254		0.82224
	0.4623		0.85854		0.91262		0.82208
	0.46318		0.85852		0.91269		0.82193
	0.46405		0.8585		0.91276		0.82177
	0.46493		0.85848		0.91284		0.82161
	0.46581		0.85846		0.91291		0.82145
	0.46669		0.85844		0.91298		0.82129
	0.46757		0.85842		0.91306		0.82112
	0.46844		0.8584		0.91313		0.82096
	0.46932		0.85838		0.91321		0.8208
	0.4702		0.85836		0.91328		0.82063
	0.47107		0.85834		0.91336		0.82047
	0.47195		0.85832		0.91343		0.8203
	0.47283		0.8583		0.91351		0.82013
	0.4737		0.85827		0.91359		0.81996
	0.47458		0.85825		0.91366		0.81979
	0.47546		0.85823		0.91374		0.81962
	0.47633		0.85821		0.91381		0.81945
	0.47721		0.85818		0.91389		0.81928
	0.47808		0.85816		0.91397		0.8191
	0.47896		0.85814		0.91405		0.81893
	0.47983		0.85811		0.91412		0.81875
	0.48071		0.85809		0.9142		0.81858
	0.48158		0.85807		0.91428		0.8184
	0.48245		0.85804		0.91436		0.81822
	0.48333		0.85802		0.91444		0.81804
	0.4842		0.85799		0.91452		0.81786
	0.48507		0.85797		0.9146		0.81767
	0.48595		0.85794		0.91468		0.81749
	0.48682		0.85792		0.91476		0.81731
	0.48769		0.85789		0.91484		0.81712
	0.48856		0.85787		0.91492		0.81693
	0.48944		0.85784		0.915		0.81674
	0.49031		0.85781		0.91508		0.81656
	0.49118		0.85779		0.91516		0.81637
	0.49205		0.85776		0.91524		0.81617
	0.49292		0.85773		0.91532		0.81598
	0.49379		0.85771		0.9154		0.81579
	0.49466		0.85768		0.91549		0.81559
	0.49553		0.85765		0.91557		0.8154
	0.4964		0.85762		0.91565		0.8152
	0.49727		0.85759		0.91573		0.815
	0.49814		0.85756		0.91582		0.8148
	0.49901		0.85753		0.9159		0.8146
	0.49988		0.8575		0.91599		0.8144
	0.50074		0.85748		0.91607		0.81419
	0.50161		0.85744		0.91615		0.81399
	0.50248		0.85741		0.91624		0.81378
	0.50335		0.85738		0.91632		0.81358
	0.50421		0.85735		0.91641		0.81337
	0.50508		0.85732		0.9165		0.81316
	0.50595		0.85729		0.91658		0.81295
	0.50681		0.85726		0.91667		0.81273
	0.50768		0.85723		0.91675		0.81252
	0.50854		0.85719		0.91684		0.8123
	0.50941		0.85716		0.91693		0.81209
	0.51027		0.85713		0.91702		0.81187
	0.51114		0.85709		0.9171		0.81165
	0.512		0.85706		0.91719		0.81143
	0.51287		0.85703		0.91728		0.81121
	0.51373		0.85699		0.91737		0.81099
	0.51459		0.85696		0.91746		0.81076
	0.51545		0.85692		0.91755		0.81054
	0.51632		0.85689		0.91764		0.81031
	0.51718		0.85685		0.91773		0.81008
	0.51804		0.85682		0.91782		0.80985
	0.5189		0.85678		0.91791		0.80962
	0.51976		0.85674		0.918		0.80938
	0.52062		0.85671		0.91809		0.80915
	0.52148		0.85667		0.91818		0.80891
	0.52234		0.85663		0.91827		0.80868
	0.5232		0.8566		0.91836		0.80844
	0.52406		0.85656		0.91846		0.8082
	0.52492		0.85652		0.91855		0.80796
	0.52577		0.85648		0.91864		0.80771
	0.52663		0.85644		0.91873		0.80747
	0.52749		0.8564		0.91883		0.80722
	0.52834		0.85636		0.91892		0.80697
	0.5292		0.85632		0.91902		0.80672
	0.53006		0.85628		0.91911		0.80647
	0.53091		0.85624		0.91921		0.80622
	0.53177		0.8562		0.9193		0.80597
	0.53262		0.85616		0.9194		0.80571
	0.53347		0.85612		0.91949		0.80545
	0.53433		0.85607		0.91959		0.8052
	0.53518		0.85603		0.91968		0.80493
	0.53603		0.85599		0.91978		0.80467
	0.53688		0.85595		0.91988		0.80441
	0.53773		0.8559		0.91998		0.80414
	0.53858		0.85586		0.92007		0.80388
	0.53943		0.85581		0.92017		0.80361
	0.54028		0.85577		0.92027		0.80334
	0.54113		0.85572		0.92037		0.80307
	0.54198		0.85568		0.92047		0.80279
	0.54283		0.85563		0.92057		0.80252
	0.54368		0.85559		0.92067		0.80224
	0.54452		0.85554		0.92077		0.80196
	0.54537		0.85549		0.92087		0.80168
	0.54622		0.85545		0.92097		0.8014
	0.54706		0.8554		0.92107		0.80111
	0.54791		0.85535		0.92117		0.80083
	0.54875		0.8553		0.92127		0.80054
	0.54959		0.85525		0.92137		0.80025
	0.55044		0.85521		0.92148		0.79996
	0.55128		0.85516		0.92158		0.79966
	0.55212		0.85511		0.92168		0.79937
	0.55296		0.85506		0.92179		0.79907
	0.5538		0.85501		0.92189		0.79877
	0.55464		0.85496		0.92199		0.79847
	0.55548		0.85491		0.9221		0.79817
	0.55632		0.85485		0.9222		0.79786
	0.55716		0.8548		0.92231		0.79756
	0.558		0.85475		0.92241		0.79725
	0.55883		0.8547		0.92252		0.79694
	0.55967		0.85464		0.92263		0.79663
	0.5605		0.85459		0.92273		0.79631
	0.56134		0.85454		0.92284		0.796
	0.56217		0.85448		0.92295		0.79568
	0.563		0.85443		0.92305		0.79536
	0.56384		0.85437		0.92316		0.79504
	0.56467		0.85432		0.92327		0.79471
	0.5655		0.85426		0.92338		0.79439
	0.56633		0.85421		0.92349		0.79406
	0.56716		0.85415		0.9236		0.79373
	0.56799		0.8541		0.92371		0.7934
	0.56881		0.85404		0.92382		0.79306
	0.56964		0.85398		0.92393		0.79273
	0.57047		0.85392		0.92404		0.79239
	0.57129		0.85387		0.92415		0.79205
	0.57212		0.85381		0.92426		0.7917
	0.57294		0.85375		0.92437		0.79136
	0.57376		0.85369		0.92448		0.79101
	0.57459		0.85363		0.92459		0.79066
	0.57541		0.85357		0.92471		0.79031
	0.57623		0.85351		0.92482		0.78996
	0.57705		0.85345		0.92493		0.7896
	0.57787		0.85339		0.92505		0.78924
	0.57868		0.85333		0.92516		0.78888
	0.5795		0.85327		0.92527		0.78852
	0.58032		0.85321		0.92539		0.78816
	0.58113		0.85314		0.9255		0.78779
	0.58195		0.85308		0.92562		0.78742
	0.58276		0.85302		0.92573		0.78705
	0.58357		0.85296		0.92585		0.78667
	0.58438		0.85289		0.92597		0.7863
	0.58519		0.85283		0.92608		0.78592
	0.586		0.85276		0.9262		0.78554
	0.58681		0.8527		0.92632		0.78516
	0.58762		0.85264		0.92644		0.78477
	0.58842		0.85257		0.92655		0.78438
	0.58923		0.85251		0.92667		0.78399
	0.59003		0.85244		0.92679		0.7836
	0.59084		0.85237		0.92691		0.7832
	0.59164		0.85231		0.92703		0.78281
	0.59244		0.85224		0.92715		0.78241
	0.59324		0.85218		0.92727		0.782
	0.59404		0.85211		0.92739		0.7816
	0.59483		0.85204		0.92751		0.78119
	0.59563		0.85197		0.92763		0.78078
	0.59643		0.85191		0.92775		0.78037
	0.59722		0.85184		0.92787		0.77996
	0.59801		0.85177		0.92799		0.77954
	0.5988		0.8517		0.92811		0.77912
	0.59959		0.85163		0.92824		0.7787
	0.60038		0.85156		0.92836		0.77827
	0.60117		0.85149		0.92848		0.77784
	0.60196		0.85143		0.92861		0.77741
	0.60274		0.85136		0.92873		0.77698
	0.60353		0.85129		0.92885		0.77655
	0.60431		0.85122		0.92898		0.77611
	0.60509		0.85115		0.9291		0.77567
	0.60587		0.85108		0.92923		0.77523
	0.60665		0.851		0.92935		0.77478
	0.60743		0.85093		0.92948		0.77433
	0.60821		0.85086		0.9296		0.77388
	0.60898		0.85079		0.92973		0.77343
	0.60976		0.85072		0.92985		0.77297
	0.61053		0.85065		0.92998		0.77251
	0.6113		0.85058		0.9301		0.77205
	0.61207		0.85051		0.93023		0.77159
	0.61284		0.85043		0.93036		0.77112
	0.6136		0.85036		0.93049		0.77065
	0.61437		0.85029		0.93061		0.77018
	0.61513		0.85022		0.93074		0.7697
	0.61589		0.85015		0.93087		0.76922
	0.61666		0.85008		0.931		0.76874
	0.61741		0.85		0.93113		0.76826
	0.61817		0.84993		0.93125		0.76777
	0.61893		0.84986		0.93138		0.76728
	0.61968		0.84979		0.93151		0.76679
	0.62043		0.84971		0.93164		0.7663
	0.62119		0.84964		0.93177		0.7658
	0.62194		0.84957		0.9319		0.7653
	0.62268		0.8495		0.93203		0.7648
	0.62343		0.84943		0.93216		0.76429
	0.62417		0.84935		0.93229		0.76378
	0.62492		0.84928		0.93242		0.76327
	0.62566		0.84921		0.93255		0.76275
	0.6264		0.84914		0.93268		0.76224
	0.62714		0.84907		0.93281		0.76172
	0.62787		0.84899		0.93295		0.76119
	0.6286		0.84892		0.93308		0.76067
	0.62934		0.84885		0.93321		0.76014
	0.63007		0.84878		0.93334		0.75961
	0.6308		0.84871		0.93347		0.75907
	0.63152		0.84864		0.93361		0.75853
	0.63225		0.84857		0.93374		0.75799
	0.63297		0.8485		0.93387		0.75745
	0.63369		0.84843		0.934		0.7569
	0.63441		0.84836		0.93414		0.75635
	0.63513		0.84829		0.93427		0.7558
	0.63584		0.84822		0.9344		0.75524
	0.63656		0.84815		0.93453		0.75469
	0.63727		0.84808		0.93467		0.75413
	0.63798		0.84801		0.9348		0.75356
	0.63869		0.84794		0.93493		0.75299
	0.63939		0.84787		0.93507		0.75242
	0.64009		0.84781		0.9352		0.75185
	0.64079		0.84774		0.93533		0.75127
	0.64149		0.84767		0.93547		0.7507
	0.64219		0.84761		0.9356		0.75011
	0.64289		0.84754		0.93574		0.74953
	0.64358		0.84747		0.93587		0.74894
	0.64427		0.84741		0.936		0.74835
	0.64496		0.84735		0.93614		0.74776
	0.64564		0.84728		0.93627		0.74716
	0.64633		0.84722		0.93641		0.74656
	0.64701		0.84715		0.93654		0.74596
	0.64769		0.84709		0.93667		0.74535
	0.64836		0.84703		0.93681		0.74474
	0.64904		0.84697		0.93694		0.74413
	0.64971		0.84691		0.93708		0.74352
	0.65038		0.84685		0.93721		0.7429
	0.65105		0.84679		0.93735		0.74228
	0.65171		0.84673		0.93748		0.74166
	0.65238		0.84667		0.93761		0.74103
	0.65304		0.84662		0.93775		0.7404
	0.6537		0.84656		0.93788		0.73977
	0.65435		0.8465		0.93802		0.73913
	0.655		0.84645		0.93815		0.7385
	0.65565		0.84639		0.93828		0.73786
	0.6563		0.84634		0.93842		0.73721
	0.65695		0.84629		0.93855		0.73657
	0.65759		0.84624		0.93869		0.73592
	0.65823		0.84619		0.93882		0.73526
	0.65887		0.84614		0.93895		0.73461
	0.6595		0.84609		0.93909		0.73395
	0.66014		0.84604		0.93922		0.73329
	0.66077		0.84599		0.93935		0.73263
	0.66139		0.84595		0.93949		0.73196
	0.66202		0.8459		0.93962		0.73129
	0.66264		0.84586		0.93975		0.73062
	0.66326		0.84581		0.93988		0.72994
	0.66388		0.84577		0.94002		0.72927
	0.66449		0.84573		0.94015		0.72859
	0.6651		0.84569		0.94028		0.7279
	0.66571		0.84565		0.94041		0.72722
	0.66632		0.84561		0.94055		0.72653
	0.66692		0.84558		0.94068		0.72584
	0.66752		0.84554		0.94081		0.72514
	0.66812		0.8455		0.94094		0.72445
	0.66871		0.84547		0.94107		0.72375
	0.6693		0.84544		0.9412		0.72305
	0.66989		0.84541		0.94133		0.72234
	0.67048		0.84538		0.94146		0.72163
	0.67106		0.84535		0.94159		0.72092
	0.67164		0.84532		0.94172		0.72021
	0.67222		0.8453		0.94185		0.7195
	0.67279		0.84527		0.94198		0.71878
	0.67337		0.84525		0.94211		0.71806
	0.67394		0.84523		0.94224		0.71734
	0.6745		0.84521		0.94237		0.71661
	0.67506		0.84519		0.9425		0.71588
	0.67562		0.84517		0.94263		0.71515
	0.67618		0.84515		0.94276		0.71442
	0.67673		0.84514		0.94288		0.71369
	0.67729		0.84512		0.94301		0.71295
	0.67783		0.84511		0.94314		0.71221
	0.67838		0.8451		0.94327		0.71147
	0.67892		0.84509		0.94339		0.71072
	0.67946		0.84508		0.94352		0.70998
	0.67999		0.84507		0.94365		0.70923
	0.68053		0.84507		0.94377		0.70848
	0.68106		0.84506		0.9439		0.70772
	0.68158		0.84506		0.94402		0.70697
	0.68211		0.84506		0.94415		0.70621
	0.68263		0.84506		0.94427		0.70545
	0.68315		0.84506		0.94439		0.70469
	0.68366		0.84507		0.94452		0.70392
	0.68417		0.84507		0.94464		0.70316
	0.68468		0.84508		0.94476		0.70239
	0.68519		0.84509		0.94489		0.70162
	0.68569		0.8451		0.94501		0.70085
	0.68619		0.84511		0.94513		0.70007
	0.68668		0.84512		0.94525		0.6993
	0.68718		0.84514		0.94537		0.69852
	0.68767		0.84515		0.94549		0.69774
	0.68815		0.84517		0.94561		0.69696
	0.68864		0.84519		0.94573		0.69617
	0.68912		0.84521		0.94585		0.69539
	0.6896		0.84523		0.94597		0.6946
	0.69007		0.84526		0.94609		0.69381
	0.69054		0.84528		0.94621		0.69302
	0.69101		0.84531		0.94633		0.69223
	0.69148		0.84534		0.94644		0.69143
	0.69194		0.84537		0.94656		0.69064
	0.6924		0.8454		0.94668		0.68984
	0.69286		0.84544		0.94679		0.68904
	0.69331		0.84547		0.94691		0.68824
	0.69376		0.84551		0.94702		0.68743
	0.69421		0.84555		0.94714		0.68663
	0.69466		0.84559		0.94725		0.68582
	0.6951		0.84563		0.94737		0.68502
	0.69554		0.84567		0.94748		0.68421
	0.69597		0.84572		0.94759		0.6834
	0.6964		0.84576		0.94771		0.68259
	0.69683		0.84581		0.94782		0.68177
	0.69726		0.84586		0.94793		0.68096
	0.69769		0.84591		0.94804		0.68014
	0.69811		0.84597		0.94815		0.67933
	0.69853		0.84602		0.94826		0.67851
	0.69894		0.84608		0.94837		0.67769
	0.69935		0.84613		0.94848		0.67687
	0.69976		0.84619		0.94859		0.67604
	0.70017		0.84625		0.9487		0.67522
	0.70057		0.84631		0.94881		0.6744
	0.70098		0.84638		0.94892		0.67357
	0.70137		0.84644		0.94903		0.67274
	0.70177		0.84651		0.94913		0.67192
	0.70216		0.84658		0.94924		0.67109
	0.70255		0.84665		0.94935		0.67026
	0.70294		0.84672		0.94945		0.66943
	0.70332		0.84679		0.94956		0.66859
	0.70371		0.84687		0.94966		0.66776
	0.70409		0.84694		0.94977		0.66693
	0.70446		0.84702		0.94987		0.66609
	0.70484		0.8471		0.94997		0.66525
	0.70521		0.84718		0.95008		0.66442
	0.70558		0.84726		0.95018		0.66358
	0.70594		0.84734		0.95028		0.66274
	0.70631		0.84743		0.95038		0.6619
	0.70667		0.84751		0.95048		0.66106
	0.70702		0.8476		0.95058		0.66022
	0.70738		0.84769		0.95069		0.65937
	0.70773		0.84778		0.95079		0.65853
	0.70808		0.84787		0.95088		0.65769
	0.70843		0.84796		0.95098		0.65684
	0.70878		0.84806		0.95108		0.656
	0.70912		0.84815		0.95118		0.65515
	0.70946		0.84825		0.95128		0.6543
	0.7098		0.84835		0.95138		0.65346
	0.71014		0.84845		0.95147		0.65261
	0.71047		0.84855		0.95157		0.65176
	0.7108		0.84865		0.95167		0.65091
	0.71113		0.84875		0.95176		0.65006
	0.71146		0.84885		0.95186		0.64921
	0.71178		0.84896		0.95195		0.64836
	0.71211		0.84907		0.95205		0.6475
	0.71243		0.84917		0.95214		0.64665
	0.71274		0.84928		0.95223		0.6458
	0.71306		0.84939		0.95233		0.64494
	0.71337		0.84951		0.95242		0.64409
	0.71368		0.84962		0.95251		0.64323
	0.71399		0.84973		0.95261		0.64238
	0.7143		0.84985		0.9527		0.64152
	0.71461		0.84996		0.95279		0.64067
	0.71491		0.85008		0.95288		0.63981
	0.71521		0.8502		0.95297		0.63895
	0.71551		0.85032		0.95306		0.63809
	0.7158		0.85044		0.95315		0.63724
	0.7161		0.85056		0.95324		0.63638
	0.71639		0.85068		0.95333		0.63552
	0.71668		0.8508		0.95342		0.63466
	0.71697		0.85093		0.95351		0.6338
	0.71726		0.85105		0.95359		0.63294
	0.71754		0.85118		0.95368		0.63208
	0.71783		0.85131		0.95377		0.63122
	0.71811		0.85144		0.95386		0.63035
	0.71839		0.85157		0.95394		0.62949
	0.71866		0.8517		0.95403		0.62863
	0.71894		0.85183		0.95411		0.62777
	0.71921		0.85196		0.9542		0.6269
	0.71948		0.85209		0.95428		0.62604
	0.71976		0.85223		0.95437		0.62518
	0.72002		0.85236		0.95445		0.62431
	0.72029		0.8525		0.95454		0.62345
	0.72056		0.85263		0.95462		0.62258
	0.72082		0.85277		0.9547		0.62172
	0.72108		0.85291		0.95479		0.62085
	0.72134		0.85305		0.95487		0.61999
	0.7216		0.85319		0.95495		0.61912
	0.72186		0.85333		0.95503		0.61826
	0.72211		0.85347		0.95512		0.61739
	0.72237		0.85361		0.9552		0.61653
	0.72262		0.85375		0.95528		0.61566
	0.72287		0.8539		0.95536		0.61479
	0.72312		0.85404		0.95544		0.61392
	0.72337		0.85419		0.95552		0.61306
	0.72361		0.85433		0.9556		0.61219
	0.72386		0.85448		0.95568		0.61132
	0.7241		0.85463		0.95576		0.61045
	0.72434		0.85478		0.95584		0.60959
	0.72458		0.85492		0.95592		0.60872
	0.72482		0.85507		0.956		0.60785
	0.72506		0.85522		0.95607		0.60698
	0.7253		0.85537		0.95615		0.60611
	0.72553		0.85553		0.95623		0.60524
	0.72577		0.85568		0.95631		0.60437
	0.726		0.85583		0.95638		0.6035
	0.72623		0.85598		0.95646		0.60263
	0.72646		0.85614		0.95654		0.60176
	0.72669		0.85629		0.95661		0.60089
	0.72692		0.85645		0.95669		0.60002
	0.72714		0.8566		0.95676		0.59915
	0.72737		0.85676		0.95684		0.59828
	0.72759		0.85691		0.95691		0.59741
	0.72781		0.85707		0.95699		0.59654
	0.72804		0.85723		0.95706		0.59567
	0.72826		0.85739		0.95714		0.5948
	0.72848		0.85755		0.95721		0.59393
	0.72869		0.85771		0.95729		0.59306
	0.72891		0.85787		0.95736		0.59219
	0.72913		0.85803		0.95743		0.59131
	0.72934		0.85819		0.95751		0.59044
	0.72956		0.85835		0.95758		0.58957
	0.72977		0.85851		0.95765		0.5887
	0.72998		0.85867		0.95772		0.58783
	0.73019		0.85883		0.9578		0.58695
	0.7304		0.859		0.95787		0.58608
	0.73061		0.85916		0.95794		0.58521
	0.73082		0.85932		0.95801		0.58434
	0.73102		0.85949		0.95808		0.58346
	0.73123		0.85965		0.95815		0.58259
	0.73143		0.85982		0.95822		0.58172
	0.73164		0.85998		0.95829		0.58085
	0.73184		0.86015		0.95836		0.57997
	0.73204		0.86031		0.95843		0.5791
	0.73225		0.86048		0.9585		0.57823
	0.73245		0.86065		0.95857		0.57735
	0.73265		0.86081		0.95864		0.57648
	0.73284		0.86098		0.95871		0.57561
	0.73304		0.86115		0.95878		0.57473
	0.73324		0.86132		0.95885		0.57386
	0.73344		0.86149		0.95892		0.57298
	0.73363		0.86166		0.95899		0.57211
	0.73383		0.86182		0.95905		0.57124
	0.73402		0.86199		0.95912		0.57036
	0.73421		0.86216		0.95919		0.56949
	0.73441		0.86233		0.95926		0.56861
	0.7346		0.8625		0.95933		0.56774
	0.73479		0.86267		0.95939		0.56686
	0.73498		0.86284		0.95946		0.56599
	0.73517		0.86302		0.95953		0.56511
	0.73536		0.86319		0.95959		0.56424
	0.73555		0.86336		0.95966		0.56336
	0.73573		0.86353		0.95973		0.56249
	0.73592		0.8637		0.95979		0.56161
	0.73611		0.86388		0.95986		0.56074
	0.73629		0.86405		0.95992		0.55986
	0.73648		0.86422		0.95999		0.55899
	0.73666		0.86439		0.96006		0.55811
	0.73685		0.86457		0.96012		0.55724
	0.73703		0.86474		0.96019		0.55636
	0.73721		0.86491		0.96025		0.55549
	0.73739		0.86509		0.96032		0.55461
	0.73757		0.86526		0.96038		0.55374
	0.73776		0.86544		0.96044		0.55286
	0.73794		0.86561		0.96051		0.55198
	0.73812		0.86579		0.96057		0.55111
	0.7383		0.86596		0.96064		0.55023
	0.73847		0.86613		0.9607		0.54935
	0.73865		0.86631		0.96076		0.54848
	0.73883		0.86649		0.96083		0.5476
	0.73901		0.86666		0.96089		0.54673
	0.73918		0.86684		0.96095		0.54585
	0.73936		0.86701		0.96102		0.54497
	0.73954		0.86719		0.96108		0.5441
	0.73971		0.86736		0.96114		0.54322
	0.73989		0.86754		0.96121		0.54234
	0.74006		0.86772		0.96127		0.54147
	0.74024		0.86789		0.96133		0.54059
	0.74041		0.86807		0.96139		0.53971
	0.74058		0.86825		0.96145		0.53883
	0.74076		0.86842		0.96152		0.53796
	0.74093		0.8686		0.96158		0.53708
	0.7411		0.86878		0.96164		0.5362
	0.74127		0.86895		0.9617		0.53533
	0.74144		0.86913		0.96176		0.53445
	0.74162		0.86931		0.96182		0.53357
	0.74179		0.86948		0.96189		0.53269
	0.74196		0.86966		0.96195		0.53182
	0.74213		0.86984		0.96201		0.53094
	0.7423		0.87002		0.96207		0.53006
	0.74247		0.8702		0.96213		0.52918
	0.74264		0.87037		0.96219		0.5283
	0.7428		0.87055		0.96225		0.52743
	0.74297		0.87073		0.96231		0.52655
	0.74314		0.87091		0.96237		0.52567
	0.74331		0.87108		0.96243		0.52479
	0.74348		0.87126		0.96249		0.52391
	0.74364		0.87144		0.96255		0.52304
	0.74381		0.87162		0.96261		0.52216
	0.74398		0.8718		0.96267		0.52128
	0.74415		0.87198		0.96273		0.5204
	0.74431		0.87215		0.96279		0.51952
	0.74448		0.87233		0.96285		0.51864
	0.74464		0.87251		0.96291		0.51776
	0.74481		0.87269		0.96297		0.51688
	0.74498		0.87287		0.96302		0.51601
	0.74514		0.87305		0.96308		0.51513
	0.74531		0.87322		0.96314		0.51425
	0.74547		0.8734		0.9632		0.51337
	0.74564		0.87358		0.96326		0.51249
	0.7458		0.87376		0.96332		0.51161
	0.74597		0.87394		0.96338		0.51073
	0.74613		0.87412		0.96343		0.50985
	0.74629		0.8743		0.96349		0.50897
	0.74646		0.87447		0.96355		0.50809
	0.74662		0.87465		0.96361		0.50721
	0.74679		0.87483		0.96366		0.50633
	0.74695		0.87501		0.96372		0.50545
	0.74711		0.87519		0.96378		0.50457
	0.74728		0.87537		0.96384		0.50369
	0.74744		0.87555		0.96389		0.50281
	0.7476		0.87573		0.96395		0.50193
	0.74777		0.8759		0.96401		0.50105
	0.74793		0.87608		0.96407		0.50017
	0.74809		0.87626		0.96412		0.49929
	0.74825		0.87644		0.96418		0.49841
	0.74842		0.87662		0.96424		0.49753
	0.74858		0.8768		0.96429		0.49665
	0.74874		0.87698		0.96435		0.49577
	0.7489		0.87716		0.96441		0.49489
	0.74907		0.87733		0.96446		0.49401
	0.74923		0.87751		0.96452		0.49313
	0.74939		0.87769		0.96458		0.49225
	0.74955		0.87787		0.96463		0.49137
	0.74972		0.87805		0.96469		0.49049
	0.74988		0.87823		0.96475		0.48961
	0.75004		0.87841		0.9648		0.48872
	0.7502		0.87858		0.96486		0.48784
	0.75037		0.87876		0.96491		0.48696
	0.75053		0.87894		0.96497		0.48608
	0.75069		0.87912		0.96502		0.4852
	0.75085		0.8793		0.96508		0.48432
	0.75102		0.87948		0.96514		0.48344
	0.75118		0.87965		0.96519		0.48256
	0.75134		0.87983		0.96525		0.48167
	0.7515		0.88001		0.9653		0.48079
	0.75166		0.88019		0.96536		0.47991
	0.75183		0.88037		0.96541		0.47903
	0.75199		0.88054		0.96547		0.47815
	0.75215		0.88072		0.96552		0.47726
	0.75231		0.8809		0.96558		0.47638
	0.75248		0.88108		0.96563		0.4755
	0.75264		0.88126		0.96569		0.47462
	0.7528		0.88143		0.96574		0.47374
	0.75297		0.88161		0.9658		0.47285
	0.75313		0.88179		0.96585		0.47197
	0.75329		0.88197		0.96591		0.47109
	0.75345		0.88214		0.96596		0.47021
	0.75362		0.88232		0.96602		0.46932
	0.75378		0.8825		0.96607		0.46844
	0.75394		0.88268		0.96612		0.46756
	0.75411		0.88285		0.96618		0.46668
	0.75427		0.88303		0.96623		0.46579
	0.75444		0.88321		0.96629		0.46491
	0.7546		0.88339		0.96634		0.46403
	0.75476		0.88356		0.9664		0.46314
	0.75493		0.88374		0.96645		0.46226
	0.75509		0.88392		0.9665		0.46138
	0.75526		0.88409		0.96656		0.4605
	0.75542		0.88427		0.96661		0.45961
	0.75559		0.88445		0.96667		0.45873
	0.75575		0.88462		0.96672		0.45785
	0.75592		0.8848		0.96677		0.45696
	0.75608		0.88498		0.96683		0.45608
	0.75625		0.88515		0.96688		0.4552
	0.75641		0.88533		0.96693		0.45431
	0.75658		0.88551		0.96699		0.45343
	0.75674		0.88568		0.96704		0.45254
	0.75691		0.88586		0.96709		0.45166
	0.75708		0.88604		0.96715		0.45078
	0.75724		0.88621		0.9672		0.44989
	0.75741		0.88639		0.96725		0.44901
	0.75758		0.88657		0.96731		0.44812
	0.75774		0.88674		0.96736		0.44724
	0.75791		0.88692		0.96741		0.44636
	0.75808		0.88709		0.96747		0.44547
	0.75824		0.88727		0.96752		0.44459
	0.75841		0.88744		0.96757		0.4437
	0.75858		0.88762		0.96762		0.44282
	0.75875		0.8878		0.96768		0.44194
	0.75892		0.88797		0.96773		0.44105
	0.75909		0.88815		0.96778		0.44017
	0.75926		0.88832		0.96784		0.43928
	0.75942		0.8885		0.96789		0.4384
	0.75959		0.88867		0.96794		0.43751
	0.75976		0.88885		0.96799		0.43663
	0.75993		0.88902		0.96805		0.43574
	0.7601		0.8892		0.9681		0.43486
	0.76028		0.88937		0.96815		0.43397
	0.76045		0.88955		0.9682		0.43309
	0.76062		0.88972		0.96826		0.4322
	0.76079		0.8899		0.96831		0.43132
	0.76096		0.89007		0.96836		0.43043
	0.76113		0.89025		0.96841		0.42955
	0.76131		0.89042		0.96847		0.42866
	0.76148		0.89059		0.96852		0.42778
	0.76165		0.89077		0.96857		0.42689
	0.76182		0.89094		0.96862		0.42601
	0.762		0.89112		0.96867		0.42512
	0.76217		0.89129		0.96873		0.42423
	0.76235		0.89147		0.96878		0.42335
	0.76252		0.89164		0.96883		0.42246
	0.76269		0.89181		0.96888		0.42158
	0.76287		0.89199		0.96894		0.42069
	0.76305		0.89216		0.96899		0.41981
	0.76322		0.89234		0.96904		0.41892
	0.7634		0.89251		0.96909		0.41803
	0.76357		0.89268		0.96914		0.41715
	0.76375		0.89286		0.96919		0.41626
	0.76393		0.89303		0.96925		0.41538
	0.76411		0.8932		0.9693		0.41449
	0.76428		0.89338		0.96935		0.4136
	0.76446		0.89355		0.9694		0.41272
	0.76464		0.89372		0.96945		0.41183
	0.76482		0.89389		0.96951		0.41095
	0.765		0.89407		0.96956		0.41006
	0.76518		0.89424		0.96961		0.40917
	0.76536		0.89441		0.96966		0.40829
	0.76554		0.89459		0.96971		0.4074
	0.76572		0.89476		0.96976		0.40651
	0.7659		0.89493		0.96981		0.40563
	0.76608		0.8951		0.96987		0.40474
	0.76627		0.89528		0.96992		0.40386
	0.76645		0.89545		0.96997		0.40297
	0.76663		0.89562		0.97002		0.40208
	0.76681		0.89579		0.97007		0.4012
	0.767		0.89597		0.97012		0.40031
	0.76718		0.89614		0.97018		0.39942
	0.76737		0.89631		0.97023		0.39854
	0.76755		0.89648		0.97028		0.39765
	0.76774		0.89665		0.97033		0.39676
	0.76792		0.89683		0.97038		0.39587
	0.76811		0.897		0.97043		0.39499
	0.7683		0.89717		0.97048		0.3941
	0.76848		0.89734		0.97053		0.39321
	0.76867		0.89751		0.97059		0.39233
	0.76886		0.89768		0.97064		0.39144
	0.76905		0.89786		0.97069		0.39055
	0.76924		0.89803		0.97074		0.38967
	0.76943		0.8982		0.97079		0.38878
	0.76962		0.89837		0.97084		0.38789
	0.76981		0.89854		0.97089		0.387
	0.77		0.89871		0.97094		0.38612
	0.77019		0.89888		0.97099		0.38523
	0.77038		0.89905		0.97105		0.38434
	0.77057		0.89923		0.9711		0.38346
	0.77077		0.8994		0.97115		0.38257
	0.77096		0.89957		0.9712		0.38168
	0.77115		0.89974		0.97125		0.38079
	0.77135		0.89991		0.9713		0.37991
	0.77154		0.90008		0.97135		0.37902
	0.77174		0.90025		0.9714		0.37813
	0.77193		0.90042		0.97145		0.37724
	0.77213		0.90059		0.97151		0.37636
	0.77233		0.90076		0.97156		0.37547
	0.77253		0.90093		0.97161		0.37458
	0.77272		0.9011		0.97166		0.3737
	0.77292		0.90127		0.97171		0.37281
	0.77312		0.90144		0.97176		0.37192
	0.77332		0.90161		0.97181		0.37103
	0.77352		0.90178		0.97186		0.37015
	0.77372		0.90195		0.97191		0.36926
	0.77392		0.90212		0.97196		0.36837
	0.77412		0.90229		0.97202		0.36748
	0.77433		0.90246		0.97207		0.3666
	0.77453		0.90263		0.97212		0.36571
	0.77473		0.9028		0.97217		0.36482
	0.77494		0.90297		0.97222		0.36393
	0.77514		0.90314		0.97227		0.36305
	0.77535		0.90331		0.97232		0.36216
	0.77555		0.90348		0.97237		0.36127
	0.77576		0.90365		0.97242		0.36038
	0.77597		0.90382		0.97247		0.3595
	0.77617		0.90399		0.97252		0.35861
	0.77638		0.90416		0.97258		0.35772
	0.77659		0.90433		0.97263		0.35683
	0.7768		0.9045		0.97268		0.35595
	0.77701		0.90467		0.97273		0.35506
	0.77722		0.90484		0.97278		0.35417
	0.77743		0.90501		0.97283		0.35328
	0.77764		0.90518		0.97288		0.3524
	0.77786		0.90534		0.97293		0.35151
	0.77807		0.90551		0.97298		0.35062
	0.77828		0.90568		0.97303		0.34973
	0.7785		0.90585		0.97308		0.34885
	0.77871		0.90602		0.97314		0.34796
	0.77893		0.90619		0.97319		0.34707
	0.77915		0.90636		0.97324		0.34618
	0.77936		0.90653		0.97329		0.3453
	0.77958		0.9067		0.97334		0.34441
	0.7798		0.90687		0.97339		0.34352
	0.78002		0.90703		0.97344		0.34264
	0.78024		0.9072		0.97349		0.34175
	0.78046		0.90737		0.97354		0.34086
	0.78068		0.90754		0.97359		0.33997
	0.7809		0.90771		0.97365		0.33909
	0.78112		0.90788		0.9737		0.3382
	0.78135		0.90805		0.97375		0.33731
	0.78157		0.90822		0.9738		0.33643
	0.78179		0.90838		0.97385		0.33554
	0.78202		0.90855		0.9739		0.33465
	0.78224		0.90872		0.97395		0.33376
	0.78247		0.90889		0.974		0.33288
	0.7827		0.90906		0.97405		0.33199
	0.78293		0.90923		0.9741		0.3311
	0.78315		0.9094		0.97416		0.33022
	0.78338		0.90956		0.97421		0.32933
	0.78361		0.90973		0.97426		0.32844
	0.78385		0.9099		0.97431		0.32756
	0.78408		0.91007		0.97436		0.32667
	0.78431		0.91024		0.97441		0.32578
	0.78454		0.91041		0.97446		0.3249
	0.78478		0.91058		0.97451		0.32401
	0.78501		0.91074		0.97456		0.32313
	0.78525		0.91091		0.97462		0.32224
	0.78548		0.91108		0.97467		0.32135
	0.78572		0.91125		0.97472		0.32047
	0.78596		0.91142		0.97477		0.31958
	0.78619		0.91159		0.97482		0.31869
	0.78643		0.91175		0.97487		0.31781
	0.78667		0.91192		0.97492		0.31692
	0.78691		0.91209		0.97497		0.31604
	0.78716		0.91226		0.97503		0.31515
	0.7874		0.91243		0.97508		0.31427
	0.78764		0.9126		0.97513		0.31338
	0.78789		0.91276		0.97518		0.31249
	0.78813		0.91293		0.97523		0.31161
	0.78838		0.9131		0.97528		0.31072
	0.78862		0.91327		0.97533		0.30984
	0.78887		0.91344		0.97538		0.30895
	0.78912		0.91361		0.97544		0.30807
	0.78937		0.91378		0.97549		0.30718
	0.78962		0.91394		0.97554		0.3063
	0.78987		0.91411		0.97559		0.30541
	0.79012		0.91428		0.97564		0.30453
	0.79037		0.91445		0.97569		0.30364
	0.79062		0.91462		0.97575		0.30276
	0.79088		0.91479		0.9758		0.30188
	0.79113		0.91495		0.97585		0.30099
	0.79139		0.91512		0.9759		0.30011
	0.79164		0.91529		0.97595		0.29922
	0.7919		0.91546		0.976		0.29834
	0.79216		0.91563		0.97606		0.29746
	0.79242		0.9158		0.97611		0.29657
	0.79268		0.91597		0.97616		0.29569
	0.79294		0.91614		0.97621		0.2948
	0.7932		0.9163		0.97626		0.29392
	0.79346		0.91647		0.97631		0.29304
	0.79373		0.91664		0.97637		0.29215
	0.79399		0.91681		0.97642		0.29127
	0.79426		0.91698		0.97647		0.29039
	0.79452		0.91715		0.97652		0.28951
	0.79479		0.91732		0.97657		0.28862
	0.79506		0.91749		0.97663		0.28774
	0.79533		0.91766		0.97668		0.28686
	0.7956		0.91782		0.97673		0.28598
	0.79587		0.91799		0.97678		0.28509
	0.79614		0.91816		0.97683		0.28421
	0.79641		0.91833		0.97689		0.28333
	0.79668		0.9185		0.97694		0.28245
	0.79696		0.91867		0.97699		0.28157
	0.79723		0.91884		0.97704		0.28069
	0.79751		0.91901		0.97709		0.27981
	0.79779		0.91918		0.97715		0.27892
	0.79807		0.91935		0.9772		0.27804
	0.79835		0.91952		0.97725		0.27716
	0.79863		0.91969		0.9773		0.27628
	0.79891		0.91986		0.97736		0.2754
	0.79919		0.92003		0.97741		0.27452
	0.79947		0.9202		0.97746		0.27364
	0.79976		0.92037		0.97751		0.27276
	0.80004		0.92054		0.97757		0.27188
	0.80033		0.92071		0.97762		0.271
	0.80062		0.92088		0.97767		0.27012
	0.80091		0.92105		0.97772		0.26925
	0.80119		0.92122		0.97778		0.26837
	0.80149		0.92139		0.97783		0.26749
	0.80178		0.92156		0.97788		0.26661
	0.80207		0.92173		0.97793		0.26573
	0.80236		0.9219		0.97799		0.26485
	0.80266		0.92207		0.97804		0.26398
	0.80295		0.92224		0.97809		0.2631
	0.80325		0.92241		0.97815		0.26222
	0.80355		0.92258		0.9782		0.26134
	0.80385		0.92275		0.97825		0.26047
	0.80415		0.92292		0.9783		0.25959
	0.80445		0.92309		0.97836		0.25871
	0.80475		0.92326		0.97841		0.25784
	0.80505		0.92343		0.97846		0.25696
	0.80536		0.9236		0.97852		0.25609
	0.80566		0.92378		0.97857		0.25521
	0.80597		0.92395		0.97862		0.25434
	0.80627		0.92412		0.97868		0.25346
	0.80658		0.92429		0.97873		0.25259
	0.80689		0.92446		0.97878		0.25171
	0.8072		0.92463		0.97884		0.25084
	0.80751		0.9248		0.97889		0.24996
	0.80783		0.92498		0.97894		0.24909
	0.80814		0.92515		0.979		0.24822
	0.80846		0.92532		0.97905		0.24734
	0.80877		0.92549		0.9791		0.24647
	0.80909		0.92566		0.97916		0.2456
	0.80941		0.92584		0.97921		0.24473
	0.80973		0.92601		0.97926		0.24385
	0.81005		0.92618		0.97932		0.24298
	0.81037		0.92635		0.97937		0.24211
	0.81069		0.92653		0.97943		0.24124
	0.81102		0.9267		0.97948		0.24037
	0.81134		0.92687		0.97953		0.2395
	0.81167		0.92705		0.97959		0.23863
	0.812		0.92722		0.97964		0.23776
	0.81233		0.92739		0.9797		0.23689
	0.81266		0.92757		0.97975		0.23602
	0.81299		0.92774		0.9798		0.23515
	0.81332		0.92791		0.97986		0.23428
	0.81366		0.92809		0.97991		0.23341
	0.81399		0.92826		0.97997		0.23255
	0.81433		0.92843		0.98002		0.23168
	0.81466		0.92861		0.98008		0.23081
	0.815		0.92878		0.98013		0.22994
	0.81534		0.92896		0.98018		0.22908
	0.81568		0.92913		0.98024		0.22821
	0.81603		0.92931		0.98029		0.22735
	0.81637		0.92948		0.98035		0.22648
	0.81671		0.92966		0.9804		0.22562
	0.81706		0.92983		0.98046		0.22475
	0.81741		0.93001		0.98051		0.22389
	0.81776		0.93018		0.98057		0.22302
	0.81811		0.93036		0.98062		0.22216
	0.81846		0.93053		0.98068		0.2213
	0.81881		0.93071		0.98073		0.22044
	0.81916		0.93089		0.98079		0.21957
	0.81952		0.93106		0.98084		0.21871
	0.81987		0.93124		0.9809		0.21785
	0.82023		0.93141		0.98095		0.21699
	0.82059		0.93159		0.98101		0.21613
	0.82095		0.93177		0.98106		0.21527
	0.82131		0.93194		0.98112		0.21441
	0.82167		0.93212		0.98117		0.21355
	0.82204		0.9323		0.98123		0.21269
	0.8224		0.93247		0.98128		0.21183
	0.82277		0.93265		0.98134		0.21098
	0.82314		0.93283		0.98139		0.21012
	0.82351		0.93301		0.98145		0.20926
	0.82388		0.93319		0.98151		0.20841
	0.82425		0.93336		0.98156		0.20755
	0.82462		0.93354		0.98162		0.2067
	0.825		0.93372		0.98167		0.20584
	0.82537		0.9339		0.98173		0.20499
	0.82575		0.93408		0.98178		0.20413
	0.82613		0.93426		0.98184		0.20328
	0.82651		0.93444		0.9819		0.20243
	0.82689		0.93462		0.98195		0.20157
	0.82727		0.93479		0.98201		0.20072
	0.82766		0.93497		0.98206		0.19987
	0.82804		0.93515		0.98212		0.19902
	0.82843		0.93533		0.98218		0.19817
	0.82882		0.93551		0.98223		0.19732
	0.8292		0.93569		0.98229		0.19647
	0.8296		0.93588		0.98235		0.19562
	0.82999		0.93606		0.9824		0.19477
	0.83038		0.93624		0.98246		0.19393
	0.83078		0.93642		0.98252		0.19308
	0.83117		0.9366		0.98257		0.19223
	0.83157		0.93678		0.98263		0.19139
	0.83197		0.93696		0.98269		0.19054
	0.83237		0.93714		0.98274		0.1897
	0.83277		0.93733		0.9828		0.18886
	0.83318		0.93751		0.98286		0.18801
	0.83358		0.93769		0.98291		0.18717
	0.83399		0.93787		0.98297		0.18633
	0.8344		0.93806		0.98303		0.18549
	0.8348		0.93824		0.98308		0.18465
	0.83522		0.93842		0.98314		0.18381
	0.83563		0.93861		0.9832		0.18297
	0.83604		0.93879		0.98326		0.18213
	0.83646		0.93898		0.98331		0.18129
	0.83687		0.93916		0.98337		0.18045
	0.83729		0.93934		0.98343		0.17962
	0.83771		0.93953		0.98349		0.17878
	0.83813		0.93971		0.98354		0.17795
	0.83855		0.9399		0.9836		0.17711
	0.83898		0.94008		0.98366		0.17628
	0.8394		0.94027		0.98372		0.17544
	0.83983		0.94046		0.98377		0.17461
	0.84026		0.94064		0.98383		0.17378
	0.84069		0.94083		0.98389		0.17295
	0.84112		0.94101		0.98395		0.17212
	0.84155		0.9412		0.984		0.17129
	0.84198		0.94139		0.98406		0.17046
	0.84242		0.94158		0.98412		0.16963
	0.84286		0.94176		0.98418		0.1688
	0.8433		0.94195		0.98424		0.16798
	0.84374		0.94214		0.9843		0.16715
	0.84418		0.94233		0.98435		0.16633
	0.84462		0.94251		0.98441		0.1655
	0.84507		0.9427		0.98447		0.16468
	0.84551		0.94289		0.98453		0.16386
	0.84596		0.94308		0.98459		0.16304
	0.84641		0.94327		0.98465		0.16221
	0.84686		0.94346		0.98471		0.16139
	0.84731		0.94365		0.98476		0.16058
	0.84777		0.94384		0.98482		0.15976
	0.84822		0.94403		0.98488		0.15894
	0.84868		0.94422		0.98494		0.15812
	0.84914		0.94441		0.985		0.15731
	0.8496		0.9446		0.98506		0.15649
	0.85006		0.94479		0.98512		0.15568
	0.85052		0.94499		0.98518		0.15487
	0.85098		0.94518		0.98524		0.15405
	0.85145		0.94537		0.98529		0.15324
	0.85192		0.94556		0.98535		0.15243
	0.85239		0.94576		0.98541		0.15162
	0.85286		0.94595		0.98547		0.15081
	0.85333		0.94614		0.98553		0.15
	0.8538		0.94634		0.98559		0.1492
	0.85428		0.94653		0.98565		0.14839
	0.85476		0.94672		0.98571		0.14759
	0.85523		0.94692		0.98577		0.14678
	0.85571		0.94711		0.98583		0.14598
	0.8562		0.94731		0.98589		0.14518
	0.85668		0.9475		0.98595		0.14438
	0.85716		0.9477		0.98601		0.14358
	0.85765		0.94789		0.98607		0.14278
	0.85814		0.94809		0.98613		0.14198
	0.85863		0.94829		0.98619		0.14118
	0.85912		0.94848		0.98625		0.14039
	0.85961		0.94868		0.98631		0.13959
	0.8601		0.94888		0.98637		0.1388
	0.8606		0.94907		0.98643		0.13801
	0.8611		0.94927		0.98649		0.13721
	0.86159		0.94947		0.98655		0.13642
	0.86209		0.94967		0.98661		0.13563
	0.8626		0.94987		0.98667		0.13484
	0.8631		0.95007		0.98673		0.13406
	0.8636		0.95026		0.98679		0.13327
	0.86411		0.95046		0.98685		0.13248
	0.86462		0.95066		0.98691		0.1317
	0.86513		0.95086		0.98697		0.13092
	0.86564		0.95106		0.98703		0.13014
	0.86615		0.95127		0.9871		0.12935
	0.86667		0.95147		0.98716		0.12857
	0.86718		0.95167		0.98722		0.1278
	0.8677		0.95187		0.98728		0.12702
	0.86822		0.95207		0.98734		0.12624
	0.86874		0.95227		0.9874		0.12547
	0.86926		0.95248		0.98746		0.12469
	0.86979		0.95268		0.98752		0.12392
	0.87031		0.95288		0.98758		0.12315
	0.87084		0.95309		0.98764		0.12238
	0.87137		0.95329		0.98771		0.12161
	0.8719		0.95349		0.98777		0.12084
	0.87243		0.9537		0.98783		0.12007
	0.87296		0.9539		0.98789		0.11931
	0.87349		0.95411		0.98795		0.11854
	0.87403		0.95431		0.98801		0.11778
	0.87457		0.95452		0.98807		0.11702
	0.87511		0.95472		0.98814		0.11626
	0.87565		0.95493		0.9882		0.1155
	0.87619		0.95514		0.98826		0.11474
	0.87673		0.95534		0.98832		0.11398
	0.87728		0.95555		0.98838		0.11323
	0.87783		0.95576		0.98844		0.11247
	0.87837		0.95597		0.98851		0.11172
	0.87892		0.95618		0.98857		0.11097
	0.87948		0.95638		0.98863		0.11022
	0.88003		0.95659		0.98869		0.10947
	0.88058		0.9568		0.98875		0.10872
	0.88114		0.95701		0.98882		0.10797
	0.8817		0.95722		0.98888		0.10723
	0.88226		0.95743		0.98894		0.10648
	0.88282		0.95764		0.989		0.10574
	0.88338		0.95785		0.98906		0.105
	0.88394		0.95807		0.98913		0.10426
	0.88451		0.95828		0.98919		0.10352
	0.88508		0.95849		0.98925		0.10278
	0.88564		0.9587		0.98931		0.10205
	0.88621		0.95891		0.98937		0.10131
	0.88678		0.95913		0.98944		0.10058
	0.88736		0.95934		0.9895		0.09985
	0.88793		0.95955		0.98956		0.09912
	0.88851		0.95977		0.98962		0.09839
	0.88908		0.95998		0.98969		0.09766
	0.88966		0.9602		0.98975		0.09694
	0.89024		0.96041		0.98981		0.09621
	0.89083		0.96063		0.98987		0.09549
	0.89141		0.96084		0.98994		0.09477
	0.89199		0.96106		0.99		0.09405
	0.89258		0.96127		0.99006		0.09333
	0.89317		0.96149		0.99013		0.09261
	0.89376		0.96171		0.99019		0.09189
	0.89435		0.96193		0.99025		0.09118
	0.89494		0.96214		0.99031		0.09047
	0.89553		0.96236		0.99038		0.08976
	0.89613		0.96258		0.99044		0.08905
	0.89672		0.9628		0.9905		0.08834
	0.89732		0.96302		0.99057		0.08763
	0.89792		0.96324		0.99063		0.08693
	0.89852		0.96346		0.99069		0.08622
	0.89912		0.96368		0.99075		0.08552
	0.89973		0.9639		0.99082		0.08482
	0.90033		0.96412		0.99088		0.08412
	0.90094		0.96434		0.99094		0.08342
	0.90154		0.96456		0.99101		0.08272
	0.90215		0.96478		0.99107		0.08203
	0.90276		0.96501		0.99113		0.08134
	0.90337		0.96523		0.9912		0.08064
	0.90399		0.96545		0.99126		0.07995
	0.9046		0.96568		0.99132		0.07927
	0.90522		0.9659		0.99139		0.07858
	0.90584		0.96612		0.99145		0.07789
	0.90645		0.96635		0.99151		0.07721
	0.90707		0.96657		0.99158		0.07653
	0.9077		0.9668		0.99164		0.07585
	0.90832		0.96702		0.9917		0.07517
	0.90894		0.96725		0.99177		0.07449
	0.90957		0.96747		0.99183		0.07381
	0.91019		0.9677		0.99189		0.07314
	0.91082		0.96793		0.99196		0.07247
	0.91145		0.96816		0.99202		0.0718
	0.91208		0.96838		0.99208		0.07113
	0.91271		0.96861		0.99215		0.07046
	0.91335		0.96884		0.99221		0.06979
	0.91398		0.96907		0.99227		0.06913
	0.91462		0.9693		0.99234		0.06846
	0.91526		0.96953		0.9924		0.0678
	0.91589		0.96976		0.99246		0.06714
	0.91653		0.96999		0.99253		0.06648
	0.91718		0.97022		0.99259		0.06583
	0.91782		0.97045		0.99265		0.06517
	0.91846		0.97068		0.99272		0.06452
	0.91911		0.97091		0.99278		0.06387
	0.91975		0.97114		0.99284		0.06322
	0.9204		0.97138		0.99291		0.06257
	0.92105		0.97161		0.99297		0.06192
	0.9217		0.97184		0.99303		0.06128
	0.92235		0.97207		0.9931		0.06063
	0.923		0.97231		0.99316		0.05999
	0.92365		0.97254		0.99322		0.05935
	0.92431		0.97278		0.99329		0.05871
	0.92496		0.97301		0.99335		0.05808
	0.92562		0.97325		0.99342		0.05744
	0.92628		0.97348		0.99348		0.05681
	0.92694		0.97372		0.99354		0.05618
	0.9276		0.97395		0.99361		0.05555
	0.92826		0.97419		0.99367		0.05492
	0.92892		0.97443		0.99373		0.05429
	0.92959		0.97467		0.9938		0.05366
	0.93025		0.9749		0.99386		0.05304
	0.93092		0.97514		0.99392		0.05242
	0.93159		0.97538		0.99399		0.0518
	0.93226		0.97562		0.99405		0.05118
	0.93293		0.97586		0.99411		0.05056
	0.9336		0.9761		0.99418		0.04995
	0.93427		0.97634		0.99424		0.04934
	0.93494		0.97658		0.9943		0.04872
	0.93561		0.97682		0.99437		0.04811
	0.93629		0.97706		0.99443		0.04751
	0.93697		0.9773		0.9945		0.0469
	0.93764		0.97754		0.99456		0.04629
	0.93832		0.97778		0.99462		0.04569
	0.939		0.97803		0.99469		0.04509
	0.93968		0.97827		0.99475		0.04449
	0.94036		0.97851		0.99481		0.04389
	0.94105		0.97876		0.99488		0.0433
	0.94173		0.979		0.99494		0.0427
	0.94241		0.97925		0.995		0.04211
	0.9431		0.97949		0.99507		0.04152
	0.94379		0.97974		0.99513		0.04093
	0.94447		0.97998		0.99519		0.04034
	0.94516		0.98023		0.99526		0.03975
	0.94585		0.98047		0.99532		0.03917
	0.94654		0.98072		0.99538		0.03859
	0.94723		0.98097		0.99545		0.038
	0.94793		0.98121		0.99551		0.03742
	0.94862		0.98146		0.99557		0.03685
	0.94931		0.98171		0.99564		0.03627
	0.95001		0.98196		0.9957		0.0357
	0.95071		0.98221		0.99576		0.03512
	0.9514		0.98245		0.99583		0.03455
	0.9521		0.9827		0.99589		0.03398
	0.9528		0.98295		0.99595		0.03342
	0.9535		0.9832		0.99601		0.03285
	0.9542		0.98345		0.99608		0.03228
	0.9549		0.98371		0.99614		0.03172
	0.95561		0.98396		0.9962		0.03116
	0.95631		0.98421		0.99627		0.0306
	0.95702		0.98446		0.99633		0.03004
	0.95772		0.98471		0.99639		0.02949
	0.95843		0.98497		0.99646		0.02893
	0.95913		0.98522		0.99652		0.02838
	0.95984		0.98547		0.99658		0.02783
	0.96055		0.98573		0.99664		0.02728
	0.96126		0.98598		0.99671		0.02673
	0.96197		0.98623		0.99677		0.02619
	0.96268		0.98649		0.99683		0.02564
	0.9634		0.98674		0.9969		0.0251
	0.96411		0.987		0.99696		0.02456
	0.96482		0.98726		0.99702		0.02402
	0.96554		0.98751		0.99708		0.02348
	0.96625		0.98777		0.99715		0.02295
	0.96697		0.98803		0.99721		0.02241
	0.96769		0.98828		0.99727		0.02188
	0.9684		0.98854		0.99734		0.02135
	0.96912		0.9888		0.9974		0.02082
	0.96984		0.98906		0.99746		0.02029
	0.97056		0.98932		0.99752		0.01977
	0.97128		0.98958		0.99759		0.01924
	0.972		0.98984		0.99765		0.01872
	0.97273		0.9901		0.99771		0.0182
	0.97345		0.99036		0.99777		0.01768
	0.97417		0.99062		0.99783		0.01716
	0.9749		0.99088		0.9979		0.01665
	0.97562		0.99114		0.99796		0.01613
	0.97635		0.9914		0.99802		0.01562
	0.97708		0.99166		0.99808		0.01511
	0.9778		0.99193		0.99815		0.0146
	0.97853		0.99219		0.99821		0.01409
	0.97926		0.99245		0.99827		0.01358
	0.97999		0.99272		0.99833		0.01308
	0.98072		0.99298		0.99839		0.01258
	0.98145		0.99324		0.99846		0.01208
	0.98218		0.99351		0.99852		0.01158
	0.98291		0.99377		0.99858		0.01108
	0.98365		0.99404		0.99864		0.01058
	0.98438		0.9943		0.9987		0.01009
	0.98511		0.99457		0.99877		0.00959
	0.98585		0.99484		0.99883		0.0091
	0.98658		0.9951		0.99889		0.00861
	0.98732		0.99537		0.99895		0.00812
	0.98806		0.99564		0.99901		0.00763
	0.98879		0.99591		0.99907		0.00715
	0.98953		0.99618		0.99914		0.00666
	0.99027		0.99644		0.9992		0.00618
	0.99101		0.99671		0.99926		0.0057
	0.99175		0.99698		0.99932		0.00522
	0.99249		0.99725		0.99938		0.00474
	0.99323		0.99752		0.99944		0.00427
	0.99397		0.99779		0.9995		0.00379
	0.99471		0.99806		0.99957		0.00332
	0.99545		0.99834		0.99963		0.00285
	0.9962		0.99861		0.99969		0.00238
	0.99694		0.99888		0.99975		0.00191
	0.99768		0.99915		0.99981		0.00144
	0.99843		0.99942		0.99987		0.00098
	0.99917		0.9997		0.99993		0.00051
	0.99992		0.99997		0.99999		0.00005
