	0.0019		0.94518		0.96018		0.93943
	0.0028		0.94517		0.96018		0.93941
	0.0037		0.94516		0.96018		0.93938
	0.0046		0.94515		0.96018		0.93936
	0.0055		0.94514		0.96018		0.93933
	0.0064		0.94513		0.96019		0.93931
	0.00729		0.94512		0.96019		0.93928
	0.00819		0.94511		0.96019		0.93926
	0.00909		0.9451		0.96019		0.93923
	0.00999		0.94509		0.96019		0.93921
	0.01089		0.94507		0.96019		0.93918
	0.01179		0.94506		0.9602		0.93915
	0.01269		0.94505		0.9602		0.93913
	0.01359		0.94504		0.9602		0.9391
	0.01449		0.94503		0.9602		0.93908
	0.01539		0.94502		0.9602		0.93905
	0.01629		0.94501		0.9602		0.93902
	0.01718		0.945		0.96021		0.939
	0.01808		0.94499		0.96021		0.93897
	0.01898		0.94498		0.96021		0.93895
	0.01988		0.94497		0.96021		0.93892
	0.02078		0.94496		0.96021		0.93889
	0.02168		0.94495		0.96022		0.93887
	0.02258		0.94493		0.96022		0.93884
	0.02348		0.94492		0.96022		0.93881
	0.02438		0.94491		0.96022		0.93879
	0.02528		0.9449		0.96022		0.93876
	0.02618		0.94489		0.96022		0.93873
	0.02708		0.94488		0.96023		0.93871
	0.02797		0.94487		0.96023		0.93868
	0.02887		0.94486		0.96023		0.93865
	0.02977		0.94485		0.96023		0.93863
	0.03067		0.94483		0.96023		0.9386
	0.03157		0.94482		0.96024		0.93857
	0.03247		0.94481		0.96024		0.93854
	0.03337		0.9448		0.96024		0.93852
	0.03427		0.94479		0.96024		0.93849
	0.03517		0.94478		0.96024		0.93846
	0.03607		0.94477		0.96025		0.93843
	0.03696		0.94475		0.96025		0.9384
	0.03786		0.94474		0.96025		0.93838
	0.03876		0.94473		0.96025		0.93835
	0.03966		0.94472		0.96025		0.93832
	0.04056		0.94471		0.96025		0.93829
	0.04146		0.9447		0.96026		0.93826
	0.04236		0.94468		0.96026		0.93823
	0.04326		0.94467		0.96026		0.93821
	0.04416		0.94466		0.96026		0.93818
	0.04506		0.94465		0.96026		0.93815
	0.04596		0.94464		0.96027		0.93812
	0.04685		0.94463		0.96027		0.93809
	0.04775		0.94461		0.96027		0.93806
	0.04865		0.9446		0.96027		0.93803
	0.04955		0.94459		0.96027		0.938
	0.05045		0.94458		0.96028		0.93797
	0.05135		0.94457		0.96028		0.93794
	0.05225		0.94455		0.96028		0.93791
	0.05315		0.94454		0.96028		0.93788
	0.05405		0.94453		0.96028		0.93785
	0.05494		0.94452		0.96029		0.93782
	0.05584		0.94451		0.96029		0.93779
	0.05674		0.94449		0.96029		0.93776
	0.05764		0.94448		0.96029		0.93773
	0.05854		0.94447		0.96029		0.9377
	0.05944		0.94446		0.9603		0.93767
	0.06034		0.94445		0.9603		0.93764
	0.06124		0.94443		0.9603		0.93761
	0.06214		0.94442		0.9603		0.93758
	0.06303		0.94441		0.96031		0.93755
	0.06393		0.9444		0.96031		0.93752
	0.06483		0.94438		0.96031		0.93749
	0.06573		0.94437		0.96031		0.93746
	0.06663		0.94436		0.96031		0.93742
	0.06753		0.94435		0.96032		0.93739
	0.06843		0.94433		0.96032		0.93736
	0.06933		0.94432		0.96032		0.93733
	0.07023		0.94431		0.96032		0.9373
	0.07112		0.9443		0.96032		0.93727
	0.07202		0.94428		0.96033		0.93723
	0.07292		0.94427		0.96033		0.9372
	0.07382		0.94426		0.96033		0.93717
	0.07472		0.94424		0.96033		0.93714
	0.07562		0.94423		0.96034		0.93711
	0.07652		0.94422		0.96034		0.93707
	0.07742		0.94421		0.96034		0.93704
	0.07831		0.94419		0.96034		0.93701
	0.07921		0.94418		0.96034		0.93698
	0.08011		0.94417		0.96035		0.93694
	0.08101		0.94415		0.96035		0.93691
	0.08191		0.94414		0.96035		0.93688
	0.08281		0.94413		0.96035		0.93684
	0.08371		0.94411		0.96036		0.93681
	0.08461		0.9441		0.96036		0.93678
	0.0855		0.94409		0.96036		0.93674
	0.0864		0.94407		0.96036		0.93671
	0.0873		0.94406		0.96037		0.93667
	0.0882		0.94405		0.96037		0.93664
	0.0891		0.94403		0.96037		0.93661
	0.09		0.94402		0.96037		0.93657
	0.0909		0.94401		0.96038		0.93654
	0.0918		0.94399		0.96038		0.9365
	0.09269		0.94398		0.96038		0.93647
	0.09359		0.94397		0.96038		0.93643
	0.09449		0.94395		0.96038		0.9364
	0.09539		0.94394		0.96039		0.93636
	0.09629		0.94393		0.96039		0.93633
	0.09719		0.94391		0.96039		0.93629
	0.09809		0.9439		0.96039		0.93626
	0.09898		0.94388		0.9604		0.93622
	0.09988		0.94387		0.9604		0.93619
	0.10078		0.94386		0.9604		0.93615
	0.10168		0.94384		0.9604		0.93612
	0.10258		0.94383		0.96041		0.93608
	0.10348		0.94381		0.96041		0.93604
	0.10438		0.9438		0.96041		0.93601
	0.10527		0.94379		0.96041		0.93597
	0.10617		0.94377		0.96042		0.93593
	0.10707		0.94376		0.96042		0.9359
	0.10797		0.94374		0.96042		0.93586
	0.10887		0.94373		0.96042		0.93582
	0.10977		0.94371		0.96043		0.93579
	0.11067		0.9437		0.96043		0.93575
	0.11156		0.94369		0.96043		0.93571
	0.11246		0.94367		0.96044		0.93567
	0.11336		0.94366		0.96044		0.93564
	0.11426		0.94364		0.96044		0.9356
	0.11516		0.94363		0.96044		0.93556
	0.11606		0.94361		0.96045		0.93552
	0.11696		0.9436		0.96045		0.93548
	0.11785		0.94358		0.96045		0.93545
	0.11875		0.94357		0.96045		0.93541
	0.11965		0.94355		0.96046		0.93537
	0.12055		0.94354		0.96046		0.93533
	0.12145		0.94352		0.96046		0.93529
	0.12235		0.94351		0.96046		0.93525
	0.12324		0.94349		0.96047		0.93521
	0.12414		0.94348		0.96047		0.93517
	0.12504		0.94346		0.96047		0.93513
	0.12594		0.94345		0.96048		0.93509
	0.12684		0.94343		0.96048		0.93505
	0.12774		0.94342		0.96048		0.93501
	0.12863		0.9434		0.96048		0.93497
	0.12953		0.94339		0.96049		0.93493
	0.13043		0.94337		0.96049		0.93489
	0.13133		0.94336		0.96049		0.93485
	0.13223		0.94334		0.9605		0.93481
	0.13313		0.94333		0.9605		0.93477
	0.13402		0.94331		0.9605		0.93473
	0.13492		0.9433		0.9605		0.93469
	0.13582		0.94328		0.96051		0.93465
	0.13672		0.94326		0.96051		0.93461
	0.13762		0.94325		0.96051		0.93456
	0.13852		0.94323		0.96052		0.93452
	0.13941		0.94322		0.96052		0.93448
	0.14031		0.9432		0.96052		0.93444
	0.14121		0.94319		0.96053		0.9344
	0.14211		0.94317		0.96053		0.93435
	0.14301		0.94315		0.96053		0.93431
	0.1439		0.94314		0.96053		0.93427
	0.1448		0.94312		0.96054		0.93422
	0.1457		0.9431		0.96054		0.93418
	0.1466		0.94309		0.96054		0.93414
	0.1475		0.94307		0.96055		0.93409
	0.14839		0.94306		0.96055		0.93405
	0.14929		0.94304		0.96055		0.93401
	0.15019		0.94302		0.96056		0.93396
	0.15109		0.94301		0.96056		0.93392
	0.15199		0.94299		0.96056		0.93387
	0.15289		0.94297		0.96057		0.93383
	0.15378		0.94296		0.96057		0.93379
	0.15468		0.94294		0.96057		0.93374
	0.15558		0.94292		0.96058		0.9337
	0.15648		0.94291		0.96058		0.93365
	0.15738		0.94289		0.96058		0.93361
	0.15827		0.94287		0.96058		0.93356
	0.15917		0.94286		0.96059		0.93351
	0.16007		0.94284		0.96059		0.93347
	0.16097		0.94282		0.96059		0.93342
	0.16186		0.9428		0.9606		0.93338
	0.16276		0.94279		0.9606		0.93333
	0.16366		0.94277		0.9606		0.93328
	0.16456		0.94275		0.96061		0.93324
	0.16546		0.94274		0.96061		0.93319
	0.16635		0.94272		0.96062		0.93314
	0.16725		0.9427		0.96062		0.93309
	0.16815		0.94268		0.96062		0.93305
	0.16905		0.94267		0.96063		0.933
	0.16995		0.94265		0.96063		0.93295
	0.17084		0.94263		0.96063		0.9329
	0.17174		0.94261		0.96064		0.93285
	0.17264		0.9426		0.96064		0.9328
	0.17354		0.94258		0.96064		0.93276
	0.17443		0.94256		0.96065		0.93271
	0.17533		0.94254		0.96065		0.93266
	0.17623		0.94252		0.96065		0.93261
	0.17713		0.94251		0.96066		0.93256
	0.17802		0.94249		0.96066		0.93251
	0.17892		0.94247		0.96066		0.93246
	0.17982		0.94245		0.96067		0.93241
	0.18072		0.94243		0.96067		0.93236
	0.18162		0.94241		0.96068		0.93231
	0.18251		0.9424		0.96068		0.93226
	0.18341		0.94238		0.96068		0.93221
	0.18431		0.94236		0.96069		0.93215
	0.18521		0.94234		0.96069		0.9321
	0.1861		0.94232		0.96069		0.93205
	0.187		0.9423		0.9607		0.932
	0.1879		0.94228		0.9607		0.93195
	0.1888		0.94227		0.96071		0.93189
	0.18969		0.94225		0.96071		0.93184
	0.19059		0.94223		0.96071		0.93179
	0.19149		0.94221		0.96072		0.93174
	0.19239		0.94219		0.96072		0.93168
	0.19328		0.94217		0.96073		0.93163
	0.19418		0.94215		0.96073		0.93158
	0.19508		0.94213		0.96073		0.93152
	0.19598		0.94211		0.96074		0.93147
	0.19687		0.94209		0.96074		0.93141
	0.19777		0.94207		0.96075		0.93136
	0.19867		0.94205		0.96075		0.9313
	0.19956		0.94203		0.96075		0.93125
	0.20046		0.94201		0.96076		0.93119
	0.20136		0.942		0.96076		0.93114
	0.20226		0.94198		0.96077		0.93108
	0.20315		0.94196		0.96077		0.93103
	0.20405		0.94194		0.96077		0.93097
	0.20495		0.94192		0.96078		0.93091
	0.20584		0.9419		0.96078		0.93086
	0.20674		0.94188		0.96079		0.9308
	0.20764		0.94186		0.96079		0.93074
	0.20854		0.94183		0.96079		0.93068
	0.20943		0.94181		0.9608		0.93063
	0.21033		0.94179		0.9608		0.93057
	0.21123		0.94177		0.96081		0.93051
	0.21212		0.94175		0.96081		0.93045
	0.21302		0.94173		0.96082		0.93039
	0.21392		0.94171		0.96082		0.93033
	0.21482		0.94169		0.96083		0.93028
	0.21571		0.94167		0.96083		0.93022
	0.21661		0.94165		0.96083		0.93016
	0.21751		0.94163		0.96084		0.9301
	0.2184		0.94161		0.96084		0.93004
	0.2193		0.94159		0.96085		0.92998
	0.2202		0.94156		0.96085		0.92991
	0.22109		0.94154		0.96086		0.92985
	0.22199		0.94152		0.96086		0.92979
	0.22289		0.9415		0.96087		0.92973
	0.22378		0.94148		0.96087		0.92967
	0.22468		0.94146		0.96088		0.92961
	0.22558		0.94144		0.96088		0.92954
	0.22647		0.94141		0.96088		0.92948
	0.22737		0.94139		0.96089		0.92942
	0.22827		0.94137		0.96089		0.92935
	0.22916		0.94135		0.9609		0.92929
	0.23006		0.94133		0.9609		0.92923
	0.23096		0.9413		0.96091		0.92916
	0.23185		0.94128		0.96091		0.9291
	0.23275		0.94126		0.96092		0.92903
	0.23365		0.94124		0.96092		0.92897
	0.23454		0.94122		0.96093		0.9289
	0.23544		0.94119		0.96093		0.92884
	0.23634		0.94117		0.96094		0.92877
	0.23723		0.94115		0.96094		0.92871
	0.23813		0.94112		0.96095		0.92864
	0.23902		0.9411		0.96095		0.92857
	0.23992		0.94108		0.96096		0.92851
	0.24082		0.94106		0.96096		0.92844
	0.24171		0.94103		0.96097		0.92837
	0.24261		0.94101		0.96097		0.9283
	0.24351		0.94099		0.96098		0.92823
	0.2444		0.94096		0.96098		0.92817
	0.2453		0.94094		0.96099		0.9281
	0.24619		0.94092		0.961		0.92803
	0.24709		0.94089		0.961		0.92796
	0.24799		0.94087		0.96101		0.92789
	0.24888		0.94085		0.96101		0.92782
	0.24978		0.94082		0.96102		0.92775
	0.25067		0.9408		0.96102		0.92768
	0.25157		0.94077		0.96103		0.92761
	0.25247		0.94075		0.96103		0.92753
	0.25336		0.94072		0.96104		0.92746
	0.25426		0.9407		0.96104		0.92739
	0.25515		0.94068		0.96105		0.92732
	0.25605		0.94065		0.96106		0.92724
	0.25695		0.94063		0.96106		0.92717
	0.25784		0.9406		0.96107		0.9271
	0.25874		0.94058		0.96107		0.92702
	0.25963		0.94055		0.96108		0.92695
	0.26053		0.94053		0.96108		0.92687
	0.26142		0.9405		0.96109		0.9268
	0.26232		0.94048		0.9611		0.92672
	0.26321		0.94045		0.9611		0.92665
	0.26411		0.94043		0.96111		0.92657
	0.26501		0.9404		0.96111		0.9265
	0.2659		0.94038		0.96112		0.92642
	0.2668		0.94035		0.96113		0.92634
	0.26769		0.94033		0.96113		0.92626
	0.26859		0.9403		0.96114		0.92619
	0.26948		0.94027		0.96114		0.92611
	0.27038		0.94025		0.96115		0.92603
	0.27127		0.94022		0.96116		0.92595
	0.27217		0.9402		0.96116		0.92587
	0.27306		0.94017		0.96117		0.92579
	0.27396		0.94014		0.96118		0.92571
	0.27485		0.94012		0.96118		0.92563
	0.27575		0.94009		0.96119		0.92555
	0.27664		0.94006		0.96119		0.92547
	0.27754		0.94004		0.9612		0.92539
	0.27843		0.94001		0.96121		0.92531
	0.27933		0.93998		0.96121		0.92522
	0.28022		0.93996		0.96122		0.92514
	0.28112		0.93993		0.96123		0.92506
	0.28201		0.9399		0.96123		0.92497
	0.28291		0.93987		0.96124		0.92489
	0.2838		0.93985		0.96125		0.9248
	0.2847		0.93982		0.96125		0.92472
	0.28559		0.93979		0.96126		0.92463
	0.28649		0.93976		0.96127		0.92455
	0.28738		0.93974		0.96127		0.92446
	0.28827		0.93971		0.96128		0.92438
	0.28917		0.93968		0.96129		0.92429
	0.29006		0.93965		0.9613		0.9242
	0.29096		0.93962		0.9613		0.92411
	0.29185		0.93959		0.96131		0.92403
	0.29275		0.93957		0.96132		0.92394
	0.29364		0.93954		0.96132		0.92385
	0.29453		0.93951		0.96133		0.92376
	0.29543		0.93948		0.96134		0.92367
	0.29632		0.93945		0.96135		0.92358
	0.29722		0.93942		0.96135		0.92349
	0.29811		0.93939		0.96136		0.92339
	0.29901		0.93936		0.96137		0.9233
	0.2999		0.93933		0.96137		0.92321
	0.30079		0.9393		0.96138		0.92312
	0.30169		0.93927		0.96139		0.92302
	0.30258		0.93924		0.9614		0.92293
	0.30347		0.93921		0.96141		0.92284
	0.30437		0.93918		0.96141		0.92274
	0.30526		0.93915		0.96142		0.92265
	0.30615		0.93912		0.96143		0.92255
	0.30705		0.93909		0.96144		0.92245
	0.30794		0.93906		0.96144		0.92236
	0.30883		0.93903		0.96145		0.92226
	0.30973		0.939		0.96146		0.92216
	0.31062		0.93897		0.96147		0.92206
	0.31151		0.93894		0.96148		0.92197
	0.31241		0.93891		0.96148		0.92187
	0.3133		0.93888		0.96149		0.92177
	0.31419		0.93885		0.9615		0.92167
	0.31509		0.93881		0.96151		0.92157
	0.31598		0.93878		0.96152		0.92147
	0.31687		0.93875		0.96153		0.92136
	0.31777		0.93872		0.96153		0.92126
	0.31866		0.93869		0.96154		0.92116
	0.31955		0.93865		0.96155		0.92106
	0.32044		0.93862		0.96156		0.92095
	0.32134		0.93859		0.96157		0.92085
	0.32223		0.93856		0.96158		0.92074
	0.32312		0.93852		0.96159		0.92064
	0.32401		0.93849		0.96159		0.92053
	0.32491		0.93846		0.9616		0.92042
	0.3258		0.93843		0.96161		0.92032
	0.32669		0.93839		0.96162		0.92021
	0.32758		0.93836		0.96163		0.9201
	0.32847		0.93833		0.96164		0.91999
	0.32937		0.93829		0.96165		0.91988
	0.33026		0.93826		0.96166		0.91977
	0.33115		0.93822		0.96167		0.91966
	0.33204		0.93819		0.96168		0.91955
	0.33293		0.93816		0.96168		0.91944
	0.33382		0.93812		0.96169		0.91933
	0.33472		0.93809		0.9617		0.91921
	0.33561		0.93805		0.96171		0.9191
	0.3365		0.93802		0.96172		0.91899
	0.33739		0.93798		0.96173		0.91887
	0.33828		0.93795		0.96174		0.91876
	0.33917		0.93791		0.96175		0.91864
	0.34006		0.93788		0.96176		0.91852
	0.34095		0.93784		0.96177		0.91841
	0.34185		0.93781		0.96178		0.91829
	0.34274		0.93777		0.96179		0.91817
	0.34363		0.93773		0.9618		0.91805
	0.34452		0.9377		0.96181		0.91793
	0.34541		0.93766		0.96182		0.91781
	0.3463		0.93763		0.96183		0.91769
	0.34719		0.93759		0.96184		0.91757
	0.34808		0.93755		0.96185		0.91744
	0.34897		0.93752		0.96186		0.91732
	0.34986		0.93748		0.96187		0.9172
	0.35075		0.93744		0.96188		0.91707
	0.35164		0.9374		0.9619		0.91695
	0.35253		0.93737		0.96191		0.91682
	0.35342		0.93733		0.96192		0.9167
	0.35431		0.93729		0.96193		0.91657
	0.3552		0.93725		0.96194		0.91644
	0.35609		0.93721		0.96195		0.91631
	0.35698		0.93718		0.96196		0.91618
	0.35787		0.93714		0.96197		0.91605
	0.35876		0.9371		0.96198		0.91592
	0.35964		0.93706		0.96199		0.91579
	0.36053		0.93702		0.96201		0.91566
	0.36142		0.93698		0.96202		0.91553
	0.36231		0.93694		0.96203		0.91539
	0.3632		0.9369		0.96204		0.91526
	0.36409		0.93686		0.96205		0.91512
	0.36498		0.93682		0.96206		0.91499
	0.36587		0.93678		0.96208		0.91485
	0.36675		0.93674		0.96209		0.91471
	0.36764		0.9367		0.9621		0.91457
	0.36853		0.93666		0.96211		0.91443
	0.36942		0.93662		0.96212		0.91429
	0.37031		0.93658		0.96214		0.91415
	0.37119		0.93654		0.96215		0.91401
	0.37208		0.9365		0.96216		0.91387
	0.37297		0.93646		0.96217		0.91373
	0.37386		0.93642		0.96219		0.91358
	0.37474		0.93637		0.9622		0.91344
	0.37563		0.93633		0.96221		0.91329
	0.37652		0.93629		0.96222		0.91315
	0.3774		0.93625		0.96224		0.913
	0.37829		0.93621		0.96225		0.91285
	0.37918		0.93616		0.96226		0.9127
	0.38006		0.93612		0.96228		0.91255
	0.38095		0.93608		0.96229		0.9124
	0.38184		0.93603		0.9623		0.91225
	0.38272		0.93599		0.96232		0.9121
	0.38361		0.93595		0.96233		0.91195
	0.38449		0.9359		0.96234		0.91179
	0.38538		0.93586		0.96236		0.91164
	0.38626		0.93581		0.96237		0.91148
	0.38715		0.93577		0.96239		0.91133
	0.38803		0.93573		0.9624		0.91117
	0.38892		0.93568		0.96241		0.91101
	0.3898		0.93564		0.96243		0.91085
	0.39069		0.93559		0.96244		0.91069
	0.39157		0.93555		0.96246		0.91053
	0.39246		0.9355		0.96247		0.91037
	0.39334		0.93545		0.96249		0.9102
	0.39423		0.93541		0.9625		0.91004
	0.39511		0.93536		0.96251		0.90987
	0.39599		0.93532		0.96253		0.90971
	0.39688		0.93527		0.96254		0.90954
	0.39776		0.93522		0.96256		0.90937
	0.39864		0.93517		0.96257		0.9092
	0.39953		0.93513		0.96259		0.90903
	0.40041		0.93508		0.96261		0.90886
	0.40129		0.93503		0.96262		0.90869
	0.40217		0.93498		0.96264		0.90852
	0.40306		0.93494		0.96265		0.90834
	0.40394		0.93489		0.96267		0.90817
	0.40482		0.93484		0.96268		0.90799
	0.4057		0.93479		0.9627		0.90781
	0.40658		0.93474		0.96272		0.90764
	0.40747		0.93469		0.96273		0.90746
	0.40835		0.93464		0.96275		0.90728
	0.40923		0.93459		0.96277		0.9071
	0.41011		0.93454		0.96278		0.90691
	0.41099		0.93449		0.9628		0.90673
	0.41187		0.93444		0.96282		0.90654
	0.41275		0.93439		0.96283		0.90636
	0.41363		0.93434		0.96285		0.90617
	0.41451		0.93429		0.96287		0.90598
	0.41539		0.93424		0.96288		0.90579
	0.41627		0.93419		0.9629		0.9056
	0.41715		0.93414		0.96292		0.90541
	0.41803		0.93409		0.96294		0.90522
	0.41891		0.93404		0.96295		0.90503
	0.41978		0.93398		0.96297		0.90483
	0.42066		0.93393		0.96299		0.90463
	0.42154		0.93388		0.96301		0.90444
	0.42242		0.93382		0.96303		0.90424
	0.42329		0.93377		0.96305		0.90404
	0.42417		0.93372		0.96306		0.90384
	0.42505		0.93366		0.96308		0.90363
	0.42593		0.93361		0.9631		0.90343
	0.4268		0.93356		0.96312		0.90323
	0.42768		0.9335		0.96314		0.90302
	0.42855		0.93345		0.96316		0.90281
	0.42943		0.93339		0.96318		0.9026
	0.4303		0.93334		0.9632		0.90239
	0.43118		0.93328		0.96322		0.90218
	0.43205		0.93323		0.96324		0.90197
	0.43293		0.93317		0.96326		0.90176
	0.4338		0.93312		0.96328		0.90154
	0.43468		0.93306		0.9633		0.90132
	0.43555		0.933		0.96332		0.90111
	0.43642		0.93295		0.96334		0.90089
	0.4373		0.93289		0.96336		0.90067
	0.43817		0.93283		0.96338		0.90044
	0.43904		0.93277		0.9634		0.90022
	0.43991		0.93272		0.96342		0.89999
	0.44079		0.93266		0.96344		0.89977
	0.44166		0.9326		0.96346		0.89954
	0.44253		0.93254		0.96348		0.89931
	0.4434		0.93248		0.96351		0.89908
	0.44427		0.93242		0.96353		0.89885
	0.44514		0.93237		0.96355		0.89862
	0.44601		0.93231		0.96357		0.89838
	0.44688		0.93225		0.96359		0.89814
	0.44775		0.93219		0.96362		0.89791
	0.44862		0.93213		0.96364		0.89767
	0.44948		0.93207		0.96366		0.89742
	0.45035		0.93201		0.96368		0.89718
	0.45122		0.93194		0.96371		0.89694
	0.45209		0.93188		0.96373		0.89669
	0.45295		0.93182		0.96375		0.89645
	0.45382		0.93176		0.96378		0.8962
	0.45469		0.9317		0.9638		0.89595
	0.45555		0.93164		0.96382		0.89569
	0.45642		0.93157		0.96385		0.89544
	0.45728		0.93151		0.96387		0.89518
	0.45814		0.93145		0.9639		0.89493
	0.45901		0.93138		0.96392		0.89467
	0.45987		0.93132		0.96394		0.89441
	0.46073		0.93126		0.96397		0.89415
	0.4616		0.93119		0.96399		0.89388
	0.46246		0.93113		0.96402		0.89362
	0.46332		0.93106		0.96404		0.89335
	0.46418		0.931		0.96407		0.89308
	0.46504		0.93093		0.9641		0.89281
	0.4659		0.93087		0.96412		0.89254
	0.46676		0.9308		0.96415		0.89226
	0.46762		0.93074		0.96417		0.89199
	0.46848		0.93067		0.9642		0.89171
	0.46934		0.93061		0.96423		0.89143
	0.47019		0.93054		0.96425		0.89115
	0.47105		0.93047		0.96428		0.89087
	0.47191		0.93041		0.96431		0.89058
	0.47276		0.93034		0.96433		0.89029
	0.47362		0.93027		0.96436		0.89
	0.47447		0.9302		0.96439		0.88971
	0.47533		0.93014		0.96442		0.88942
	0.47618		0.93007		0.96445		0.88913
	0.47703		0.93		0.96447		0.88883
	0.47789		0.92993		0.9645		0.88853
	0.47874		0.92986		0.96453		0.88823
	0.47959		0.92979		0.96456		0.88793
	0.48044		0.92972		0.96459		0.88762
	0.48129		0.92965		0.96462		0.88732
	0.48214		0.92958		0.96465		0.88701
	0.48299		0.92951		0.96468		0.8867
	0.48383		0.92944		0.96471		0.88639
	0.48468		0.92937		0.96474		0.88607
	0.48553		0.9293		0.96477		0.88575
	0.48637		0.92923		0.9648		0.88543
	0.48722		0.92916		0.96483		0.88511
	0.48806		0.92909		0.96486		0.88479
	0.48891		0.92902		0.96489		0.88446
	0.48975		0.92895		0.96492		0.88414
	0.49059		0.92887		0.96495		0.88381
	0.49143		0.9288		0.96498		0.88348
	0.49227		0.92873		0.96501		0.88314
	0.49311		0.92866		0.96505		0.8828
	0.49395		0.92858		0.96508		0.88247
	0.49479		0.92851		0.96511		0.88212
	0.49563		0.92844		0.96514		0.88178
	0.49646		0.92836		0.96518		0.88144
	0.4973		0.92829		0.96521		0.88109
	0.49813		0.92822		0.96524		0.88074
	0.49897		0.92814		0.96528		0.88038
	0.4998		0.92807		0.96531		0.88003
	0.50063		0.92799		0.96534		0.87967
	0.50146		0.92792		0.96538		0.87931
	0.50229		0.92784		0.96541		0.87895
	0.50312		0.92777		0.96545		0.87858
	0.50395		0.92769		0.96548		0.87822
	0.50478		0.92762		0.96552		0.87785
	0.5056		0.92754		0.96555		0.87748
	0.50643		0.92747		0.96559		0.8771
	0.50725		0.92739		0.96562		0.87672
	0.50807		0.92732		0.96566		0.87634
	0.5089		0.92724		0.96569		0.87596
	0.50972		0.92716		0.96573		0.87558
	0.51054		0.92709		0.96577		0.87519
	0.51136		0.92701		0.9658		0.8748
	0.51217		0.92693		0.96584		0.87441
	0.51299		0.92686		0.96588		0.87401
	0.51381		0.92678		0.96591		0.87361
	0.51462		0.9267		0.96595		0.87321
	0.51543		0.92663		0.96599		0.87281
	0.51624		0.92655		0.96603		0.8724
	0.51705		0.92647		0.96607		0.87199
	0.51786		0.9264		0.9661		0.87158
	0.51867		0.92632		0.96614		0.87117
	0.51948		0.92624		0.96618		0.87075
	0.52028		0.92617		0.96622		0.87033
	0.52109		0.92609		0.96626		0.8699
	0.52189		0.92601		0.9663		0.86948
	0.52269		0.92593		0.96634		0.86905
	0.52349		0.92586		0.96638		0.86862
	0.52429		0.92578		0.96642		0.86818
	0.52509		0.9257		0.96646		0.86775
	0.52588		0.92563		0.9665		0.8673
	0.52667		0.92555		0.96654		0.86686
	0.52747		0.92547		0.96658		0.86641
	0.52826		0.92539		0.96663		0.86597
	0.52905		0.92532		0.96667		0.86551
	0.52983		0.92524		0.96671		0.86506
	0.53062		0.92516		0.96675		0.8646
	0.53141		0.92509		0.96679		0.86414
	0.53219		0.92501		0.96684		0.86367
	0.53297		0.92493		0.96688		0.8632
	0.53375		0.92486		0.96692		0.86273
	0.53453		0.92478		0.96696		0.86226
	0.5353		0.9247		0.96701		0.86178
	0.53608		0.92463		0.96705		0.8613
	0.53685		0.92455		0.9671		0.86082
	0.53762		0.92447		0.96714		0.86033
	0.53839		0.9244		0.96718		0.85984
	0.53916		0.92432		0.96723		0.85935
	0.53992		0.92425		0.96727		0.85885
	0.54068		0.92417		0.96732		0.85835
	0.54144		0.9241		0.96736		0.85785
	0.5422		0.92402		0.96741		0.85734
	0.54296		0.92395		0.96745		0.85683
	0.54372		0.92388		0.9675		0.85632
	0.54447		0.9238		0.96754		0.85581
	0.54522		0.92373		0.96759		0.85529
	0.54597		0.92365		0.96764		0.85476
	0.54671		0.92358		0.96768		0.85424
	0.54746		0.92351		0.96773		0.85371
	0.5482		0.92344		0.96778		0.85318
	0.54894		0.92337		0.96782		0.85264
	0.54968		0.92329		0.96787		0.8521
	0.55041		0.92322		0.96792		0.85156
	0.55115		0.92315		0.96797		0.85101
	0.55188		0.92308		0.96801		0.85046
	0.55261		0.92301		0.96806		0.84991
	0.55333		0.92294		0.96811		0.84935
	0.55405		0.92287		0.96816		0.84879
	0.55478		0.92281		0.96821		0.84823
	0.55549		0.92274		0.96826		0.84766
	0.55621		0.92267		0.96831		0.84709
	0.55692		0.9226		0.96835		0.84652
	0.55763		0.92254		0.9684		0.84594
	0.55834		0.92247		0.96845		0.84536
	0.55905		0.92241		0.9685		0.84477
	0.55975		0.92234		0.96855		0.84419
	0.56045		0.92228		0.9686		0.8436
	0.56115		0.92221		0.96865		0.843
	0.56184		0.92215		0.9687		0.8424
	0.56253		0.92209		0.96875		0.8418
	0.56322		0.92203		0.9688		0.8412
	0.56391		0.92197		0.96885		0.84059
	0.56459		0.92191		0.96891		0.83998
	0.56527		0.92185		0.96896		0.83936
	0.56594		0.92179		0.96901		0.83874
	0.56662		0.92173		0.96906		0.83812
	0.56729		0.92168		0.96911		0.83749
	0.56796		0.92162		0.96916		0.83686
	0.56862		0.92156		0.96921		0.83623
	0.56928		0.92151		0.96926		0.8356
	0.56994		0.92146		0.96932		0.83496
	0.5706		0.9214		0.96937		0.83431
	0.57125		0.92135		0.96942		0.83367
	0.5719		0.9213		0.96947		0.83302
	0.57254		0.92125		0.96952		0.83236
	0.57318		0.9212		0.96958		0.83171
	0.57382		0.92115		0.96963		0.83105
	0.57446		0.92111		0.96968		0.83039
	0.57509		0.92106		0.96973		0.82972
	0.57572		0.92101		0.96979		0.82905
	0.57634		0.92097		0.96984		0.82838
	0.57697		0.92093		0.96989		0.8277
	0.57758		0.92088		0.96994		0.82702
	0.5782		0.92084		0.97		0.82634
	0.57881		0.9208		0.97005		0.82565
	0.57942		0.92076		0.9701		0.82496
	0.58002		0.92073		0.97016		0.82427
	0.58062		0.92069		0.97021		0.82357
	0.58122		0.92065		0.97026		0.82288
	0.58181		0.92062		0.97031		0.82217
	0.5824		0.92059		0.97037		0.82147
	0.58299		0.92055		0.97042		0.82076
	0.58357		0.92052		0.97047		0.82005
	0.58415		0.92049		0.97053		0.81934
	0.58473		0.92046		0.97058		0.81862
	0.5853		0.92043		0.97063		0.8179
	0.58587		0.92041		0.97069		0.81718
	0.58643		0.92038		0.97074		0.81645
	0.58699		0.92036		0.97079		0.81572
	0.58755		0.92034		0.97085		0.81499
	0.5881		0.92031		0.9709		0.81426
	0.58865		0.92029		0.97095		0.81352
	0.58919		0.92027		0.97101		0.81278
	0.58973		0.92026		0.97106		0.81204
	0.59027		0.92024		0.97111		0.81129
	0.5908		0.92022		0.97116		0.81054
	0.59133		0.92021		0.97122		0.80979
	0.59186		0.9202		0.97127		0.80904
	0.59238		0.92018		0.97132		0.80828
	0.5929		0.92017		0.97138		0.80752
	0.59342		0.92017		0.97143		0.80676
	0.59393		0.92016		0.97148		0.806
	0.59443		0.92015		0.97153		0.80523
	0.59494		0.92015		0.97159		0.80446
	0.59543		0.92014		0.97164		0.80369
	0.59593		0.92014		0.97169		0.80292
	0.59642		0.92014		0.97175		0.80214
	0.59691		0.92014		0.9718		0.80137
	0.59739		0.92014		0.97185		0.80058
	0.59787		0.92014		0.9719		0.7998
	0.59835		0.92014		0.97195		0.79902
	0.59882		0.92015		0.97201		0.79823
	0.59929		0.92016		0.97206		0.79744
	0.59975		0.92016		0.97211		0.79665
	0.60021		0.92017		0.97216		0.79586
	0.60067		0.92018		0.97221		0.79506
	0.60112		0.92019		0.97227		0.79427
	0.60157		0.92021		0.97232		0.79347
	0.60202		0.92022		0.97237		0.79266
	0.60246		0.92024		0.97242		0.79186
	0.6029		0.92025		0.97247		0.79106
	0.60333		0.92027		0.97252		0.79025
	0.60377		0.92029		0.97257		0.78944
	0.60419		0.92031		0.97262		0.78863
	0.60462		0.92033		0.97267		0.78782
	0.60504		0.92035		0.97272		0.78701
	0.60545		0.92038		0.97278		0.78619
	0.60587		0.9204		0.97283		0.78537
	0.60628		0.92043		0.97288		0.78455
	0.60668		0.92046		0.97293		0.78373
	0.60708		0.92049		0.97298		0.78291
	0.60748		0.92052		0.97303		0.78209
	0.60788		0.92055		0.97308		0.78126
	0.60827		0.92058		0.97312		0.78044
	0.60866		0.92061		0.97317		0.77961
	0.60904		0.92065		0.97322		0.77878
	0.60942		0.92069		0.97327		0.77795
	0.6098		0.92072		0.97332		0.77712
	0.61017		0.92076		0.97337		0.77628
	0.61055		0.9208		0.97342		0.77545
	0.61091		0.92084		0.97347		0.77461
	0.61128		0.92088		0.97352		0.77378
	0.61164		0.92092		0.97356		0.77294
	0.612		0.92097		0.97361		0.7721
	0.61235		0.92101		0.97366		0.77126
	0.6127		0.92106		0.97371		0.77042
	0.61305		0.9211		0.97376		0.76957
	0.6134		0.92115		0.9738		0.76873
	0.61374		0.9212		0.97385		0.76788
	0.61408		0.92125		0.9739		0.76704
	0.61441		0.9213		0.97394		0.76619
	0.61474		0.92135		0.97399		0.76534
	0.61507		0.92141		0.97404		0.76449
	0.6154		0.92146		0.97409		0.76364
	0.61572		0.92151		0.97413		0.76279
	0.61605		0.92157		0.97418		0.76194
	0.61636		0.92163		0.97422		0.76109
	0.61668		0.92168		0.97427		0.76023
	0.61699		0.92174		0.97432		0.75938
	0.6173		0.9218		0.97436		0.75852
	0.61761		0.92186		0.97441		0.75767
	0.61791		0.92192		0.97445		0.75681
	0.61821		0.92198		0.9745		0.75595
	0.61851		0.92205		0.97454		0.75509
	0.6188		0.92211		0.97459		0.75423
	0.6191		0.92218		0.97463		0.75337
	0.61939		0.92224		0.97468		0.75251
	0.61967		0.92231		0.97472		0.75165
	0.61996		0.92237		0.97477		0.75079
	0.62024		0.92244		0.97481		0.74992
	0.62052		0.92251		0.97485		0.74906
	0.6208		0.92258		0.9749		0.7482
	0.62107		0.92265		0.97494		0.74733
	0.62134		0.92272		0.97498		0.74647
	0.62161		0.92279		0.97503		0.7456
	0.62188		0.92286		0.97507		0.74473
	0.62215		0.92293		0.97511		0.74387
	0.62241		0.92301		0.97516		0.743
	0.62267		0.92308		0.9752		0.74213
	0.62293		0.92316		0.97524		0.74126
	0.62318		0.92323		0.97529		0.74039
	0.62343		0.92331		0.97533		0.73952
	0.62368		0.92338		0.97537		0.73865
	0.62393		0.92346		0.97541		0.73778
	0.62418		0.92354		0.97545		0.73691
	0.62442		0.92362		0.9755		0.73604
	0.62467		0.92369		0.97554		0.73517
	0.62491		0.92377		0.97558		0.73429
	0.62514		0.92385		0.97562		0.73342
	0.62538		0.92393		0.97566		0.73255
	0.62561		0.92402		0.9757		0.73167
	0.62585		0.9241		0.97574		0.7308
	0.62608		0.92418		0.97578		0.72993
	0.6263		0.92426		0.97582		0.72905
	0.62653		0.92434		0.97586		0.72817
	0.62675		0.92443		0.9759		0.7273
	0.62697		0.92451		0.97595		0.72642
	0.62719		0.9246		0.97599		0.72555
	0.62741		0.92468		0.97602		0.72467
	0.62763		0.92477		0.97606		0.72379
	0.62784		0.92485		0.9761		0.72292
	0.62806		0.92494		0.97614		0.72204
	0.62827		0.92503		0.97618		0.72116
	0.62848		0.92511		0.97622		0.72028
	0.62868		0.9252		0.97626		0.7194
	0.62889		0.92529		0.9763		0.71852
	0.62909		0.92538		0.97634		0.71764
	0.62929		0.92547		0.97638		0.71677
	0.6295		0.92555		0.97642		0.71589
	0.62969		0.92564		0.97645		0.71501
	0.62989		0.92573		0.97649		0.71413
	0.63009		0.92582		0.97653		0.71325
	0.63028		0.92591		0.97657		0.71236
	0.63047		0.926		0.97661		0.71148
	0.63066		0.9261		0.97664		0.7106
	0.63085		0.92619		0.97668		0.70972
	0.63104		0.92628		0.97672		0.70884
	0.63123		0.92637		0.97676		0.70796
	0.63141		0.92646		0.97679		0.70708
	0.6316		0.92656		0.97683		0.70619
	0.63178		0.92665		0.97687		0.70531
	0.63196		0.92674		0.97691		0.70443
	0.63214		0.92683		0.97694		0.70355
	0.63232		0.92693		0.97698		0.70266
	0.63249		0.92702		0.97702		0.70178
	0.63267		0.92712		0.97705		0.7009
	0.63284		0.92721		0.97709		0.70001
	0.63301		0.9273		0.97712		0.69913
	0.63319		0.9274		0.97716		0.69824
	0.63336		0.92749		0.9772		0.69736
	0.63352		0.92759		0.97723		0.69648
	0.63369		0.92768		0.97727		0.69559
	0.63386		0.92778		0.9773		0.69471
	0.63402		0.92788		0.97734		0.69382
	0.63419		0.92797		0.97737		0.69294
	0.63435		0.92807		0.97741		0.69205
	0.63451		0.92816		0.97744		0.69117
	0.63467		0.92826		0.97748		0.69028
	0.63483		0.92836		0.97751		0.6894
	0.63499		0.92845		0.97755		0.68851
	0.63514		0.92855		0.97758		0.68762
	0.6353		0.92865		0.97762		0.68674
	0.63545		0.92874		0.97765		0.68585
	0.63561		0.92884		0.97769		0.68497
	0.63576		0.92894		0.97772		0.68408
	0.63591		0.92904		0.97776		0.68319
	0.63606		0.92913		0.97779		0.68231
	0.63621		0.92923		0.97782		0.68142
	0.63636		0.92933		0.97786		0.68053
	0.6365		0.92943		0.97789		0.67965
	0.63665		0.92952		0.97792		0.67876
	0.6368		0.92962		0.97796		0.67787
	0.63694		0.92972		0.97799		0.67698
	0.63708		0.92982		0.97803		0.6761
	0.63723		0.92992		0.97806		0.67521
	0.63737		0.93001		0.97809		0.67432
	0.63751		0.93011		0.97812		0.67343
	0.63765		0.93021		0.97816		0.67255
	0.63779		0.93031		0.97819		0.67166
	0.63792		0.93041		0.97822		0.67077
	0.63806		0.93051		0.97826		0.66988
	0.6382		0.93061		0.97829		0.66899
	0.63833		0.9307		0.97832		0.66811
	0.63847		0.9308		0.97835		0.66722
	0.6386		0.9309		0.97839		0.66633
	0.63873		0.931		0.97842		0.66544
	0.63887		0.9311		0.97845		0.66455
	0.639		0.9312		0.97848		0.66366
	0.63913		0.9313		0.97851		0.66277
	0.63926		0.9314		0.97855		0.66189
	0.63939		0.93149		0.97858		0.661
	0.63951		0.93159		0.97861		0.66011
	0.63964		0.93169		0.97864		0.65922
	0.63977		0.93179		0.97867		0.65833
	0.63989		0.93189		0.9787		0.65744
	0.64002		0.93199		0.97873		0.65655
	0.64014		0.93209		0.97877		0.65566
	0.64027		0.93219		0.9788		0.65477
	0.64039		0.93228		0.97883		0.65388
	0.64051		0.93238		0.97886		0.65299
	0.64063		0.93248		0.97889		0.6521
	0.64076		0.93258		0.97892		0.65121
	0.64088		0.93268		0.97895		0.65032
	0.641		0.93278		0.97898		0.64943
	0.64112		0.93288		0.97901		0.64854
	0.64123		0.93297		0.97904		0.64765
	0.64135		0.93307		0.97907		0.64676
	0.64147		0.93317		0.9791		0.64587
	0.64159		0.93327		0.97913		0.64498
	0.6417		0.93337		0.97916		0.64409
	0.64182		0.93347		0.97919		0.6432
	0.64193		0.93357		0.97922		0.64231
	0.64205		0.93366		0.97925		0.64142
	0.64216		0.93376		0.97928		0.64053
	0.64228		0.93386		0.97931		0.63964
	0.64239		0.93396		0.97934		0.63875
	0.6425		0.93406		0.97937		0.63786
	0.64261		0.93415		0.9794		0.63696
	0.64272		0.93425		0.97943		0.63607
	0.64283		0.93435		0.97946		0.63518
	0.64294		0.93445		0.97949		0.63429
	0.64305		0.93455		0.97952		0.6334
	0.64316		0.93464		0.97955		0.63251
	0.64327		0.93474		0.97958		0.63162
	0.64338		0.93484		0.97961		0.63073
	0.64349		0.93493		0.97963		0.62984
	0.6436		0.93503		0.97966		0.62894
	0.6437		0.93513		0.97969		0.62805
	0.64381		0.93523		0.97972		0.62716
	0.64392		0.93532		0.97975		0.62627
	0.64402		0.93542		0.97978		0.62538
	0.64413		0.93552		0.97981		0.62449
	0.64423		0.93561		0.97983		0.62359
	0.64434		0.93571		0.97986		0.6227
	0.64444		0.93581		0.97989		0.62181
	0.64454		0.9359		0.97992		0.62092
	0.64465		0.936		0.97995		0.62003
	0.64475		0.9361		0.97997		0.61913
	0.64485		0.93619		0.98		0.61824
	0.64495		0.93629		0.98003		0.61735
	0.64505		0.93638		0.98006		0.61646
	0.64516		0.93648		0.98009		0.61557
	0.64526		0.93658		0.98011		0.61467
	0.64536		0.93667		0.98014		0.61378
	0.64546		0.93677		0.98017		0.61289
	0.64556		0.93686		0.9802		0.612
	0.64566		0.93696		0.98022		0.6111
	0.64576		0.93705		0.98025		0.61021
	0.64585		0.93715		0.98028		0.60932
	0.64595		0.93724		0.98031		0.60843
	0.64605		0.93734		0.98033		0.60753
	0.64615		0.93743		0.98036		0.60664
	0.64625		0.93753		0.98039		0.60575
	0.64634		0.93762		0.98041		0.60486
	0.64644		0.93772		0.98044		0.60396
	0.64654		0.93781		0.98047		0.60307
	0.64663		0.93791		0.98049		0.60218
	0.64673		0.938		0.98052		0.60128
	0.64683		0.93809		0.98055		0.60039
	0.64692		0.93819		0.98057		0.5995
	0.64702		0.93828		0.9806		0.5986
	0.64711		0.93837		0.98063		0.59771
	0.64721		0.93847		0.98065		0.59682
	0.6473		0.93856		0.98068		0.59592
	0.64739		0.93865		0.98071		0.59503
	0.64749		0.93875		0.98073		0.59414
	0.64758		0.93884		0.98076		0.59324
	0.64768		0.93893		0.98079		0.59235
	0.64777		0.93903		0.98081		0.59146
	0.64786		0.93912		0.98084		0.59056
	0.64796		0.93921		0.98086		0.58967
	0.64805		0.9393		0.98089		0.58878
	0.64814		0.9394		0.98092		0.58788
	0.64823		0.93949		0.98094		0.58699
	0.64832		0.93958		0.98097		0.5861
	0.64842		0.93967		0.98099		0.5852
	0.64851		0.93976		0.98102		0.58431
	0.6486		0.93985		0.98104		0.58341
	0.64869		0.93995		0.98107		0.58252
	0.64878		0.94004		0.98109		0.58163
	0.64887		0.94013		0.98112		0.58073
	0.64896		0.94022		0.98115		0.57984
	0.64905		0.94031		0.98117		0.57894
	0.64914		0.9404		0.9812		0.57805
	0.64924		0.94049		0.98122		0.57716
	0.64933		0.94058		0.98125		0.57626
	0.64942		0.94067		0.98127		0.57537
	0.6495		0.94076		0.9813		0.57447
	0.64959		0.94085		0.98132		0.57358
	0.64968		0.94094		0.98135		0.57268
	0.64977		0.94103		0.98137		0.57179
	0.64986		0.94112		0.9814		0.5709
	0.64995		0.94121		0.98142		0.57
	0.65004		0.9413		0.98145		0.56911
	0.65013		0.94139		0.98147		0.56821
	0.65022		0.94148		0.9815		0.56732
	0.65031		0.94157		0.98152		0.56642
	0.6504		0.94166		0.98154		0.56553
	0.65048		0.94174		0.98157		0.56463
	0.65057		0.94183		0.98159		0.56374
	0.65066		0.94192		0.98162		0.56284
	0.65075		0.94201		0.98164		0.56195
	0.65084		0.9421		0.98167		0.56105
	0.65092		0.94218		0.98169		0.56016
	0.65101		0.94227		0.98171		0.55926
	0.6511		0.94236		0.98174		0.55837
	0.65119		0.94245		0.98176		0.55747
	0.65127		0.94253		0.98179		0.55658
	0.65136		0.94262		0.98181		0.55568
	0.65145		0.94271		0.98184		0.55479
	0.65154		0.9428		0.98186		0.55389
	0.65162		0.94288		0.98188		0.553
	0.65171		0.94297		0.98191		0.5521
	0.6518		0.94305		0.98193		0.55121
	0.65189		0.94314		0.98195		0.55031
	0.65197		0.94323		0.98198		0.54942
	0.65206		0.94331		0.982		0.54852
	0.65215		0.9434		0.98203		0.54763
	0.65223		0.94348		0.98205		0.54673
	0.65232		0.94357		0.98207		0.54584
	0.65241		0.94366		0.9821		0.54494
	0.65249		0.94374		0.98212		0.54405
	0.65258		0.94383		0.98214		0.54315
	0.65267		0.94391		0.98217		0.54225
	0.65275		0.944		0.98219		0.54136
	0.65284		0.94408		0.98221		0.54046
	0.65293		0.94416		0.98224		0.53957
	0.65301		0.94425		0.98226		0.53867
	0.6531		0.94433		0.98228		0.53778
	0.65319		0.94442		0.98231		0.53688
	0.65327		0.9445		0.98233		0.53598
	0.65336		0.94458		0.98235		0.53509
	0.65345		0.94467		0.98237		0.53419
	0.65353		0.94475		0.9824		0.5333
	0.65362		0.94484		0.98242		0.5324
	0.65371		0.94492		0.98244		0.5315
	0.65379		0.945		0.98247		0.53061
	0.65388		0.94508		0.98249		0.52971
	0.65397		0.94517		0.98251		0.52882
	0.65405		0.94525		0.98253		0.52792
	0.65414		0.94533		0.98256		0.52702
	0.65423		0.94541		0.98258		0.52613
	0.65431		0.9455		0.9826		0.52523
	0.6544		0.94558		0.98262		0.52434
	0.65449		0.94566		0.98265		0.52344
	0.65457		0.94574		0.98267		0.52254
	0.65466		0.94582		0.98269		0.52165
	0.65475		0.94591		0.98271		0.52075
	0.65484		0.94599		0.98274		0.51985
	0.65492		0.94607		0.98276		0.51896
	0.65501		0.94615		0.98278		0.51806
	0.6551		0.94623		0.9828		0.51717
	0.65518		0.94631		0.98283		0.51627
	0.65527		0.94639		0.98285		0.51537
	0.65536		0.94647		0.98287		0.51448
	0.65545		0.94655		0.98289		0.51358
	0.65553		0.94663		0.98291		0.51268
	0.65562		0.94671		0.98294		0.51179
	0.65571		0.94679		0.98296		0.51089
	0.6558		0.94687		0.98298		0.50999
	0.65588		0.94695		0.983		0.5091
	0.65597		0.94703		0.98302		0.5082
	0.65606		0.94711		0.98305		0.5073
	0.65615		0.94719		0.98307		0.5064
	0.65623		0.94727		0.98309		0.50551
	0.65632		0.94735		0.98311		0.50461
	0.65641		0.94743		0.98313		0.50371
	0.6565		0.94751		0.98316		0.50282
	0.65659		0.94758		0.98318		0.50192
	0.65668		0.94766		0.9832		0.50102
	0.65677		0.94774		0.98322		0.50013
	0.65685		0.94782		0.98324		0.49923
	0.65694		0.9479		0.98326		0.49833
	0.65703		0.94797		0.98328		0.49744
	0.65712		0.94805		0.98331		0.49654
	0.65721		0.94813		0.98333		0.49564
	0.6573		0.94821		0.98335		0.49474
	0.65739		0.94828		0.98337		0.49385
	0.65748		0.94836		0.98339		0.49295
	0.65757		0.94844		0.98341		0.49205
	0.65766		0.94851		0.98343		0.49115
	0.65775		0.94859		0.98346		0.49026
	0.65784		0.94867		0.98348		0.48936
	0.65793		0.94874		0.9835		0.48846
	0.65802		0.94882		0.98352		0.48757
	0.65811		0.9489		0.98354		0.48667
	0.6582		0.94897		0.98356		0.48577
	0.65829		0.94905		0.98358		0.48487
	0.65838		0.94912		0.9836		0.48398
	0.65847		0.9492		0.98362		0.48308
	0.65856		0.94928		0.98365		0.48218
	0.65865		0.94935		0.98367		0.48128
	0.65874		0.94943		0.98369		0.48039
	0.65884		0.9495		0.98371		0.47949
	0.65893		0.94958		0.98373		0.47859
	0.65902		0.94965		0.98375		0.47769
	0.65911		0.94973		0.98377		0.47679
	0.6592		0.9498		0.98379		0.4759
	0.6593		0.94987		0.98381		0.475
	0.65939		0.94995		0.98383		0.4741
	0.65948		0.95002		0.98385		0.4732
	0.65958		0.9501		0.98387		0.47231
	0.65967		0.95017		0.98389		0.47141
	0.65976		0.95025		0.98392		0.47051
	0.65986		0.95032		0.98394		0.46961
	0.65995		0.95039		0.98396		0.46871
	0.66004		0.95047		0.98398		0.46782
	0.66014		0.95054		0.984		0.46692
	0.66023		0.95061		0.98402		0.46602
	0.66033		0.95069		0.98404		0.46512
	0.66042		0.95076		0.98406		0.46422
	0.66052		0.95083		0.98408		0.46333
	0.66061		0.9509		0.9841		0.46243
	0.66071		0.95098		0.98412		0.46153
	0.6608		0.95105		0.98414		0.46063
	0.6609		0.95112		0.98416		0.45973
	0.66099		0.95119		0.98418		0.45884
	0.66109		0.95126		0.9842		0.45794
	0.66119		0.95134		0.98422		0.45704
	0.66128		0.95141		0.98424		0.45614
	0.66138		0.95148		0.98426		0.45524
	0.66148		0.95155		0.98428		0.45434
	0.66157		0.95162		0.9843		0.45345
	0.66167		0.95169		0.98432		0.45255
	0.66177		0.95177		0.98434		0.45165
	0.66187		0.95184		0.98436		0.45075
	0.66196		0.95191		0.98438		0.44985
	0.66206		0.95198		0.9844		0.44895
	0.66216		0.95205		0.98442		0.44806
	0.66226		0.95212		0.98444		0.44716
	0.66236		0.95219		0.98446		0.44626
	0.66246		0.95226		0.98448		0.44536
	0.66256		0.95233		0.9845		0.44446
	0.66266		0.9524		0.98452		0.44356
	0.66276		0.95247		0.98454		0.44267
	0.66286		0.95254		0.98456		0.44177
	0.66296		0.95261		0.98458		0.44087
	0.66306		0.95268		0.9846		0.43997
	0.66316		0.95275		0.98462		0.43907
	0.66326		0.95282		0.98464		0.43817
	0.66337		0.95289		0.98466		0.43727
	0.66347		0.95296		0.98468		0.43638
	0.66357		0.95303		0.9847		0.43548
	0.66367		0.9531		0.98472		0.43458
	0.66378		0.95316		0.98474		0.43368
	0.66388		0.95323		0.98476		0.43278
	0.66398		0.9533		0.98478		0.43188
	0.66409		0.95337		0.9848		0.43098
	0.66419		0.95344		0.98482		0.43009
	0.6643		0.95351		0.98484		0.42919
	0.6644		0.95357		0.98486		0.42829
	0.6645		0.95364		0.98488		0.42739
	0.66461		0.95371		0.9849		0.42649
	0.66472		0.95378		0.98492		0.42559
	0.66482		0.95385		0.98493		0.42469
	0.66493		0.95391		0.98495		0.42379
	0.66503		0.95398		0.98497		0.4229
	0.66514		0.95405		0.98499		0.422
	0.66525		0.95412		0.98501		0.4211
	0.66536		0.95418		0.98503		0.4202
	0.66546		0.95425		0.98505		0.4193
	0.66557		0.95432		0.98507		0.4184
	0.66568		0.95438		0.98509		0.4175
	0.66579		0.95445		0.98511		0.4166
	0.6659		0.95452		0.98513		0.41571
	0.66601		0.95458		0.98515		0.41481
	0.66612		0.95465		0.98517		0.41391
	0.66623		0.95472		0.98519		0.41301
	0.66634		0.95478		0.98521		0.41211
	0.66645		0.95485		0.98522		0.41121
	0.66656		0.95491		0.98524		0.41031
	0.66667		0.95498		0.98526		0.40941
	0.66679		0.95505		0.98528		0.40851
	0.6669		0.95511		0.9853		0.40762
	0.66701		0.95518		0.98532		0.40672
	0.66712		0.95524		0.98534		0.40582
	0.66724		0.95531		0.98536		0.40492
	0.66735		0.95537		0.98538		0.40402
	0.66747		0.95544		0.9854		0.40312
	0.66758		0.9555		0.98542		0.40222
	0.6677		0.95557		0.98543		0.40132
	0.66781		0.95563		0.98545		0.40042
	0.66793		0.9557		0.98547		0.39953
	0.66804		0.95576		0.98549		0.39863
	0.66816		0.95583		0.98551		0.39773
	0.66828		0.95589		0.98553		0.39683
	0.66839		0.95596		0.98555		0.39593
	0.66851		0.95602		0.98557		0.39503
	0.66863		0.95608		0.98559		0.39413
	0.66875		0.95615		0.98561		0.39323
	0.66887		0.95621		0.98562		0.39233
	0.66899		0.95628		0.98564		0.39143
	0.66911		0.95634		0.98566		0.39054
	0.66923		0.9564		0.98568		0.38964
	0.66935		0.95647		0.9857		0.38874
	0.66947		0.95653		0.98572		0.38784
	0.66959		0.9566		0.98574		0.38694
	0.66971		0.95666		0.98576		0.38604
	0.66984		0.95672		0.98578		0.38514
	0.66996		0.95679		0.98579		0.38424
	0.67008		0.95685		0.98581		0.38334
	0.67021		0.95691		0.98583		0.38245
	0.67033		0.95697		0.98585		0.38155
	0.67046		0.95704		0.98587		0.38065
	0.67058		0.9571		0.98589		0.37975
	0.67071		0.95716		0.98591		0.37885
	0.67083		0.95722		0.98593		0.37795
	0.67096		0.95729		0.98594		0.37705
	0.67109		0.95735		0.98596		0.37615
	0.67122		0.95741		0.98598		0.37525
	0.67134		0.95747		0.986		0.37436
	0.67147		0.95754		0.98602		0.37346
	0.6716		0.9576		0.98604		0.37256
	0.67173		0.95766		0.98606		0.37166
	0.67186		0.95772		0.98607		0.37076
	0.67199		0.95778		0.98609		0.36986
	0.67212		0.95785		0.98611		0.36896
	0.67226		0.95791		0.98613		0.36806
	0.67239		0.95797		0.98615		0.36717
	0.67252		0.95803		0.98617		0.36627
	0.67265		0.95809		0.98619		0.36537
	0.67279		0.95815		0.9862		0.36447
	0.67292		0.95821		0.98622		0.36357
	0.67306		0.95828		0.98624		0.36267
	0.67319		0.95834		0.98626		0.36177
	0.67333		0.9584		0.98628		0.36087
	0.67347		0.95846		0.9863		0.35998
	0.6736		0.95852		0.98632		0.35908
	0.67374		0.95858		0.98633		0.35818
	0.67388		0.95864		0.98635		0.35728
	0.67402		0.9587		0.98637		0.35638
	0.67416		0.95876		0.98639		0.35548
	0.6743		0.95882		0.98641		0.35458
	0.67444		0.95888		0.98643		0.35369
	0.67458		0.95894		0.98645		0.35279
	0.67472		0.959		0.98646		0.35189
	0.67486		0.95906		0.98648		0.35099
	0.675		0.95912		0.9865		0.35009
	0.67515		0.95918		0.98652		0.34919
	0.67529		0.95924		0.98654		0.3483
	0.67544		0.9593		0.98656		0.3474
	0.67558		0.95936		0.98658		0.3465
	0.67573		0.95942		0.98659		0.3456
	0.67587		0.95948		0.98661		0.3447
	0.67602		0.95954		0.98663		0.34381
	0.67617		0.9596		0.98665		0.34291
	0.67632		0.95966		0.98667		0.34201
	0.67647		0.95972		0.98669		0.34111
	0.67662		0.95978		0.9867		0.34021
	0.67677		0.95984		0.98672		0.33932
	0.67692		0.9599		0.98674		0.33842
	0.67707		0.95996		0.98676		0.33752
	0.67722		0.96002		0.98678		0.33662
	0.67737		0.96008		0.9868		0.33572
	0.67753		0.96013		0.98682		0.33483
	0.67768		0.96019		0.98683		0.33393
	0.67784		0.96025		0.98685		0.33303
	0.67799		0.96031		0.98687		0.33213
	0.67815		0.96037		0.98689		0.33124
	0.6783		0.96043		0.98691		0.33034
	0.67846		0.96049		0.98693		0.32944
	0.67862		0.96055		0.98694		0.32854
	0.67878		0.9606		0.98696		0.32765
	0.67894		0.96066		0.98698		0.32675
	0.6791		0.96072		0.987		0.32585
	0.67926		0.96078		0.98702		0.32496
	0.67942		0.96084		0.98704		0.32406
	0.67959		0.9609		0.98705		0.32316
	0.67975		0.96095		0.98707		0.32226
	0.67991		0.96101		0.98709		0.32137
	0.68008		0.96107		0.98711		0.32047
	0.68024		0.96113		0.98713		0.31957
	0.68041		0.96119		0.98715		0.31868
	0.68058		0.96124		0.98717		0.31778
	0.68075		0.9613		0.98718		0.31688
	0.68091		0.96136		0.9872		0.31599
	0.68108		0.96142		0.98722		0.31509
	0.68125		0.96147		0.98724		0.31419
	0.68142		0.96153		0.98726		0.3133
	0.6816		0.96159		0.98728		0.3124
	0.68177		0.96165		0.98729		0.31151
	0.68194		0.9617		0.98731		0.31061
	0.68212		0.96176		0.98733		0.30971
	0.68229		0.96182		0.98735		0.30882
	0.68247		0.96188		0.98737		0.30792
	0.68265		0.96193		0.98739		0.30703
	0.68282		0.96199		0.98741		0.30613
	0.683		0.96205		0.98742		0.30523
	0.68318		0.9621		0.98744		0.30434
	0.68336		0.96216		0.98746		0.30344
	0.68354		0.96222		0.98748		0.30255
	0.68372		0.96228		0.9875		0.30165
	0.68391		0.96233		0.98752		0.30076
	0.68409		0.96239		0.98754		0.29986
	0.68428		0.96245		0.98755		0.29897
	0.68446		0.9625		0.98757		0.29807
	0.68465		0.96256		0.98759		0.29718
	0.68483		0.96262		0.98761		0.29628
	0.68502		0.96267		0.98763		0.29539
	0.68521		0.96273		0.98765		0.2945
	0.6854		0.96279		0.98767		0.2936
	0.68559		0.96284		0.98768		0.29271
	0.68579		0.9629		0.9877		0.29181
	0.68598		0.96296		0.98772		0.29092
	0.68617		0.96301		0.98774		0.29002
	0.68637		0.96307		0.98776		0.28913
	0.68656		0.96312		0.98778		0.28824
	0.68676		0.96318		0.9878		0.28734
	0.68696		0.96324		0.98781		0.28645
	0.68716		0.96329		0.98783		0.28556
	0.68736		0.96335		0.98785		0.28466
	0.68756		0.96341		0.98787		0.28377
	0.68776		0.96346		0.98789		0.28288
	0.68796		0.96352		0.98791		0.28199
	0.68817		0.96357		0.98793		0.28109
	0.68837		0.96363		0.98795		0.2802
	0.68858		0.96369		0.98796		0.27931
	0.68878		0.96374		0.98798		0.27842
	0.68899		0.9638		0.988		0.27753
	0.6892		0.96385		0.98802		0.27663
	0.68941		0.96391		0.98804		0.27574
	0.68962		0.96397		0.98806		0.27485
	0.68983		0.96402		0.98808		0.27396
	0.69005		0.96408		0.9881		0.27307
	0.69026		0.96413		0.98812		0.27218
	0.69048		0.96419		0.98813		0.27129
	0.69069		0.96425		0.98815		0.2704
	0.69091		0.9643		0.98817		0.26951
	0.69113		0.96436		0.98819		0.26862
	0.69135		0.96441		0.98821		0.26773
	0.69157		0.96447		0.98823		0.26684
	0.6918		0.96452		0.98825		0.26595
	0.69202		0.96458		0.98827		0.26506
	0.69224		0.96464		0.98829		0.26417
	0.69247		0.96469		0.9883		0.26328
	0.6927		0.96475		0.98832		0.26239
	0.69293		0.9648		0.98834		0.2615
	0.69316		0.96486		0.98836		0.26061
	0.69339		0.96491		0.98838		0.25972
	0.69362		0.96497		0.9884		0.25884
	0.69385		0.96502		0.98842		0.25795
	0.69409		0.96508		0.98844		0.25706
	0.69432		0.96514		0.98846		0.25617
	0.69456		0.96519		0.98848		0.25529
	0.6948		0.96525		0.9885		0.2544
	0.69504		0.9653		0.98852		0.25351
	0.69528		0.96536		0.98853		0.25263
	0.69552		0.96541		0.98855		0.25174
	0.69577		0.96547		0.98857		0.25085
	0.69601		0.96552		0.98859		0.24997
	0.69626		0.96558		0.98861		0.24908
	0.6965		0.96564		0.98863		0.2482
	0.69675		0.96569		0.98865		0.24731
	0.697		0.96575		0.98867		0.24643
	0.69726		0.9658		0.98869		0.24554
	0.69751		0.96586		0.98871		0.24466
	0.69776		0.96591		0.98873		0.24378
	0.69802		0.96597		0.98875		0.24289
	0.69828		0.96602		0.98877		0.24201
	0.69854		0.96608		0.98879		0.24113
	0.6988		0.96613		0.98881		0.24025
	0.69906		0.96619		0.98883		0.23936
	0.69932		0.96625		0.98885		0.23848
	0.69958		0.9663		0.98887		0.2376
	0.69985		0.96636		0.98889		0.23672
	0.70012		0.96641		0.9889		0.23584
	0.70039		0.96647		0.98892		0.23496
	0.70066		0.96652		0.98894		0.23408
	0.70093		0.96658		0.98896		0.2332
	0.7012		0.96663		0.98898		0.23232
	0.70148		0.96669		0.989		0.23144
	0.70175		0.96674		0.98902		0.23056
	0.70203		0.9668		0.98904		0.22968
	0.70231		0.96686		0.98906		0.2288
	0.70259		0.96691		0.98908		0.22793
	0.70288		0.96697		0.9891		0.22705
	0.70316		0.96702		0.98912		0.22617
	0.70345		0.96708		0.98914		0.2253
	0.70374		0.96713		0.98916		0.22442
	0.70402		0.96719		0.98918		0.22355
	0.70432		0.96725		0.9892		0.22267
	0.70461		0.9673		0.98922		0.2218
	0.7049		0.96736		0.98924		0.22092
	0.7052		0.96741		0.98926		0.22005
	0.7055		0.96747		0.98928		0.21918
	0.7058		0.96752		0.9893		0.2183
	0.7061		0.96758		0.98932		0.21743
	0.7064		0.96764		0.98935		0.21656
	0.70671		0.96769		0.98937		0.21569
	0.70701		0.96775		0.98939		0.21482
	0.70732		0.9678		0.98941		0.21395
	0.70763		0.96786		0.98943		0.21308
	0.70794		0.96792		0.98945		0.21221
	0.70826		0.96797		0.98947		0.21134
	0.70857		0.96803		0.98949		0.21047
	0.70889		0.96808		0.98951		0.2096
	0.70921		0.96814		0.98953		0.20873
	0.70953		0.9682		0.98955		0.20787
	0.70985		0.96825		0.98957		0.207
	0.71017		0.96831		0.98959		0.20614
	0.7105		0.96836		0.98961		0.20527
	0.71083		0.96842		0.98963		0.20441
	0.71116		0.96848		0.98965		0.20354
	0.71149		0.96853		0.98968		0.20268
	0.71183		0.96859		0.9897		0.20182
	0.71216		0.96865		0.98972		0.20096
	0.7125		0.9687		0.98974		0.2001
	0.71284		0.96876		0.98976		0.19923
	0.71318		0.96882		0.98978		0.19838
	0.71353		0.96887		0.9898		0.19752
	0.71387		0.96893		0.98982		0.19666
	0.71422		0.96899		0.98984		0.1958
	0.71457		0.96904		0.98987		0.19494
	0.71492		0.9691		0.98989		0.19409
	0.71528		0.96916		0.98991		0.19323
	0.71563		0.96921		0.98993		0.19238
	0.71599		0.96927		0.98995		0.19152
	0.71635		0.96933		0.98997		0.19067
	0.71671		0.96938		0.98999		0.18982
	0.71708		0.96944		0.99002		0.18896
	0.71745		0.9695		0.99004		0.18811
	0.71781		0.96956		0.99006		0.18726
	0.71819		0.96961		0.99008		0.18641
	0.71856		0.96967		0.9901		0.18556
	0.71893		0.96973		0.99012		0.18472
	0.71931		0.96978		0.99015		0.18387
	0.71969		0.96984		0.99017		0.18302
	0.72007		0.9699		0.99019		0.18218
	0.72046		0.96996		0.99021		0.18134
	0.72085		0.97002		0.99023		0.18049
	0.72123		0.97007		0.99026		0.17965
	0.72162		0.97013		0.99028		0.17881
	0.72202		0.97019		0.9903		0.17797
	0.72241		0.97025		0.99032		0.17713
	0.72281		0.9703		0.99034		0.17629
	0.72321		0.97036		0.99037		0.17545
	0.72361		0.97042		0.99039		0.17462
	0.72402		0.97048		0.99041		0.17378
	0.72443		0.97054		0.99043		0.17294
	0.72484		0.9706		0.99046		0.17211
	0.72525		0.97065		0.99048		0.17128
	0.72566		0.97071		0.9905		0.17045
	0.72608		0.97077		0.99052		0.16962
	0.7265		0.97083		0.99055		0.16879
	0.72692		0.97089		0.99057		0.16796
	0.72734		0.97095		0.99059		0.16713
	0.72777		0.97101		0.99061		0.16631
	0.7282		0.97107		0.99064		0.16548
	0.72863		0.97112		0.99066		0.16466
	0.72906		0.97118		0.99068		0.16384
	0.7295		0.97124		0.99071		0.16302
	0.72994		0.9713		0.99073		0.1622
	0.73038		0.97136		0.99075		0.16138
	0.73082		0.97142		0.99077		0.16056
	0.73127		0.97148		0.9908		0.15974
	0.73172		0.97154		0.99082		0.15893
	0.73217		0.9716		0.99084		0.15812
	0.73263		0.97166		0.99087		0.1573
	0.73308		0.97172		0.99089		0.15649
	0.73354		0.97178		0.99091		0.15568
	0.734		0.97184		0.99094		0.15488
	0.73447		0.9719		0.99096		0.15407
	0.73493		0.97196		0.99098		0.15326
	0.7354		0.97202		0.99101		0.15246
	0.73588		0.97208		0.99103		0.15166
	0.73635		0.97214		0.99106		0.15086
	0.73683		0.9722		0.99108		0.15006
	0.73731		0.97226		0.9911		0.14926
	0.73779		0.97232		0.99113		0.14846
	0.73827		0.97238		0.99115		0.14767
	0.73876		0.97244		0.99117		0.14688
	0.73925		0.97251		0.9912		0.14608
	0.73975		0.97257		0.99122		0.14529
	0.74024		0.97263		0.99125		0.14451
	0.74074		0.97269		0.99127		0.14372
	0.74124		0.97275		0.99129		0.14293
	0.74175		0.97281		0.99132		0.14215
	0.74225		0.97287		0.99134		0.14137
	0.74276		0.97294		0.99137		0.14059
	0.74327		0.973		0.99139		0.13981
	0.74379		0.97306		0.99142		0.13903
	0.7443		0.97312		0.99144		0.13826
	0.74482		0.97318		0.99147		0.13748
	0.74535		0.97325		0.99149		0.13671
	0.74587		0.97331		0.99151		0.13594
	0.7464		0.97337		0.99154		0.13517
	0.74693		0.97343		0.99156		0.13441
	0.74747		0.9735		0.99159		0.13364
	0.748		0.97356		0.99161		0.13288
	0.74854		0.97362		0.99164		0.13212
	0.74908		0.97368		0.99166		0.13136
	0.74963		0.97375		0.99169		0.13061
	0.75017		0.97381		0.99171		0.12985
	0.75072		0.97387		0.99174		0.1291
	0.75128		0.97394		0.99176		0.12835
	0.75183		0.974		0.99179		0.1276
	0.75239		0.97407		0.99181		0.12685
	0.75295		0.97413		0.99184		0.12611
	0.75351		0.97419		0.99186		0.12537
	0.75408		0.97426		0.99189		0.12463
	0.75465		0.97432		0.99192		0.12389
	0.75522		0.97439		0.99194		0.12315
	0.7558		0.97445		0.99197		0.12242
	0.75637		0.97451		0.99199		0.12169
	0.75695		0.97458		0.99202		0.12096
	0.75753		0.97464		0.99204		0.12023
	0.75812		0.97471		0.99207		0.1195
	0.75871		0.97477		0.99209		0.11878
	0.7593		0.97484		0.99212		0.11806
	0.75989		0.9749		0.99215		0.11734
	0.76049		0.97497		0.99217		0.11662
	0.76109		0.97503		0.9922		0.11591
	0.76169		0.9751		0.99222		0.1152
	0.76229		0.97516		0.99225		0.11449
	0.7629		0.97523		0.99228		0.11378
	0.76351		0.9753		0.9923		0.11307
	0.76412		0.97536		0.99233		0.11237
	0.76473		0.97543		0.99235		0.11167
	0.76535		0.97549		0.99238		0.11097
	0.76597		0.97556		0.99241		0.11028
	0.76659		0.97563		0.99243		0.10958
	0.76722		0.97569		0.99246		0.10889
	0.76784		0.97576		0.99248		0.1082
	0.76847		0.97583		0.99251		0.10752
	0.76911		0.97589		0.99254		0.10683
	0.76974		0.97596		0.99256		0.10615
	0.77038		0.97603		0.99259		0.10547
	0.77102		0.9761		0.99262		0.1048
	0.77166		0.97616		0.99264		0.10412
	0.77231		0.97623		0.99267		0.10345
	0.77295		0.9763		0.9927		0.10278
	0.7736		0.97637		0.99272		0.10212
	0.77426		0.97643		0.99275		0.10145
	0.77491		0.9765		0.99278		0.10079
	0.77557		0.97657		0.9928		0.10013
	0.77623		0.97664		0.99283		0.09948
	0.77689		0.97671		0.99286		0.09882
	0.77756		0.97677		0.99288		0.09817
	0.77822		0.97684		0.99291		0.09753
	0.77889		0.97691		0.99294		0.09688
	0.77956		0.97698		0.99296		0.09624
	0.78024		0.97705		0.99299		0.0956
	0.78091		0.97712		0.99302		0.09496
	0.78159		0.97719		0.99304		0.09432
	0.78227		0.97726		0.99307		0.09369
	0.78296		0.97733		0.9931		0.09306
	0.78364		0.97739		0.99313		0.09243
	0.78433		0.97746		0.99315		0.09181
	0.78502		0.97753		0.99318		0.09119
	0.78571		0.9776		0.99321		0.09057
	0.78641		0.97767		0.99323		0.08995
	0.7871		0.97774		0.99326		0.08934
	0.7878		0.97781		0.99329		0.08872
	0.7885		0.97788		0.99332		0.08812
	0.78921		0.97795		0.99334		0.08751
	0.78991		0.97803		0.99337		0.08691
	0.79062		0.9781		0.9934		0.08631
	0.79133		0.97817		0.99342		0.08571
	0.79204		0.97824		0.99345		0.08511
	0.79275		0.97831		0.99348		0.08452
	0.79347		0.97838		0.99351		0.08393
	0.79419		0.97845		0.99353		0.08334
	0.79491		0.97852		0.99356		0.08276
	0.79563		0.97859		0.99359		0.08217
	0.79635		0.97867		0.99362		0.0816
	0.79708		0.97874		0.99364		0.08102
	0.79781		0.97881		0.99367		0.08044
	0.79854		0.97888		0.9937		0.07987
	0.79927		0.97895		0.99373		0.07931
	0.8		0.97903		0.99375		0.07874
	0.80073		0.9791		0.99378		0.07818
	0.80147		0.97917		0.99381		0.07762
	0.80221		0.97924		0.99384		0.07706
	0.80295		0.97931		0.99386		0.0765
	0.80369		0.97939		0.99389		0.07595
	0.80444		0.97946		0.99392		0.0754
	0.80518		0.97953		0.99395		0.07485
	0.80593		0.97961		0.99397		0.07431
	0.80668		0.97968		0.994		0.07377
	0.80743		0.97975		0.99403		0.07323
	0.80818		0.97983		0.99406		0.07269
	0.80894		0.9799		0.99408		0.07215
	0.80969		0.97997		0.99411		0.07162
	0.81045		0.98005		0.99414		0.07109
	0.81121		0.98012		0.99417		0.07057
	0.81197		0.9802		0.99419		0.07004
	0.81273		0.98027		0.99422		0.06952
	0.8135		0.98034		0.99425		0.069
	0.81426		0.98042		0.99428		0.06849
	0.81503		0.98049		0.9943		0.06798
	0.8158		0.98057		0.99433		0.06746
	0.81657		0.98064		0.99436		0.06696
	0.81734		0.98072		0.99439		0.06645
	0.81811		0.98079		0.99441		0.06595
	0.81889		0.98087		0.99444		0.06545
	0.81966		0.98094		0.99447		0.06495
	0.82044		0.98102		0.9945		0.06445
	0.82122		0.98109		0.99453		0.06396
	0.822		0.98117		0.99455		0.06347
	0.82278		0.98124		0.99458		0.06298
	0.82357		0.98132		0.99461		0.0625
	0.82435		0.9814		0.99464		0.06201
	0.82514		0.98147		0.99466		0.06153
	0.82592		0.98155		0.99469		0.06106
	0.82671		0.98162		0.99472		0.06058
	0.8275		0.9817		0.99475		0.06011
	0.82829		0.98178		0.99477		0.05964
	0.82908		0.98185		0.9948		0.05917
	0.82987		0.98193		0.99483		0.0587
	0.83067		0.98201		0.99486		0.05824
	0.83146		0.98208		0.99488		0.05778
	0.83226		0.98216		0.99491		0.05732
	0.83306		0.98224		0.99494		0.05686
	0.83386		0.98232		0.99497		0.05641
	0.83466		0.98239		0.99499		0.05596
	0.83546		0.98247		0.99502		0.05551
	0.83626		0.98255		0.99505		0.05506
	0.83707		0.98263		0.99508		0.05462
	0.83787		0.9827		0.9951		0.05417
	0.83868		0.98278		0.99513		0.05373
	0.83948		0.98286		0.99516		0.0533
	0.84029		0.98294		0.99519		0.05286
	0.8411		0.98302		0.99521		0.05243
	0.84191		0.98309		0.99524		0.052
	0.84272		0.98317		0.99527		0.05157
	0.84353		0.98325		0.9953		0.05114
	0.84434		0.98333		0.99532		0.05072
	0.84516		0.98341		0.99535		0.05029
	0.84597		0.98349		0.99538		0.04987
	0.84679		0.98357		0.99541		0.04946
	0.8476		0.98365		0.99543		0.04904
	0.84842		0.98373		0.99546		0.04863
	0.84924		0.98381		0.99549		0.04822
	0.85006		0.98389		0.99552		0.04781
	0.85088		0.98397		0.99554		0.0474
	0.8517		0.98405		0.99557		0.047
	0.85252		0.98413		0.9956		0.04659
	0.85335		0.98421		0.99562		0.04619
	0.85417		0.98429		0.99565		0.04579
	0.85499		0.98437		0.99568		0.0454
	0.85582		0.98445		0.99571		0.045
	0.85664		0.98453		0.99573		0.04461
	0.85747		0.98461		0.99576		0.04422
	0.8583		0.98469		0.99579		0.04383
	0.85913		0.98477		0.99582		0.04345
	0.85996		0.98485		0.99584		0.04306
	0.86079		0.98493		0.99587		0.04268
	0.86162		0.98501		0.9959		0.0423
	0.86245		0.9851		0.99592		0.04192
	0.86328		0.98518		0.99595		0.04154
	0.86411		0.98526		0.99598		0.04117
	0.86495		0.98534		0.99601		0.0408
	0.86578		0.98542		0.99603		0.04043
	0.86661		0.98551		0.99606		0.04006
	0.86745		0.98559		0.99609		0.03969
	0.86829		0.98567		0.99611		0.03933
	0.86912		0.98575		0.99614		0.03896
	0.86996		0.98584		0.99617		0.0386
	0.8708		0.98592		0.99619		0.03824
	0.87164		0.986		0.99622		0.03789
	0.87248		0.98608		0.99625		0.03753
	0.87332		0.98617		0.99628		0.03718
	0.87416		0.98625		0.9963		0.03682
	0.875		0.98634		0.99633		0.03647
	0.87584		0.98642		0.99636		0.03612
	0.87668		0.9865		0.99638		0.03578
	0.87753		0.98659		0.99641		0.03543
	0.87837		0.98667		0.99644		0.03509
	0.87921		0.98675		0.99646		0.03475
	0.88006		0.98684		0.99649		0.03441
	0.8809		0.98692		0.99652		0.03407
	0.88175		0.98701		0.99654		0.03373
	0.88259		0.98709		0.99657		0.0334
	0.88344		0.98718		0.9966		0.03307
	0.88429		0.98726		0.99662		0.03274
	0.88514		0.98735		0.99665		0.03241
	0.88598		0.98743		0.99668		0.03208
	0.88683		0.98752		0.9967		0.03175
	0.88768		0.9876		0.99673		0.03143
	0.88853		0.98769		0.99676		0.0311
	0.88938		0.98777		0.99678		0.03078
	0.89023		0.98786		0.99681		0.03046
	0.89108		0.98795		0.99684		0.03014
	0.89193		0.98803		0.99686		0.02983
	0.89279		0.98812		0.99689		0.02951
	0.89364		0.98821		0.99692		0.0292
	0.89449		0.98829		0.99694		0.02889
	0.89534		0.98838		0.99697		0.02858
	0.8962		0.98847		0.997		0.02827
	0.89705		0.98855		0.99702		0.02796
	0.89791		0.98864		0.99705		0.02766
	0.89876		0.98873		0.99707		0.02735
	0.89962		0.98882		0.9971		0.02705
	0.90047		0.9889		0.99713		0.02675
	0.90133		0.98899		0.99715		0.02645
	0.90219		0.98908		0.99718		0.02615
	0.90304		0.98917		0.99721		0.02585
	0.9039		0.98925		0.99723		0.02556
	0.90476		0.98934		0.99726		0.02526
	0.90562		0.98943		0.99728		0.02497
	0.90647		0.98952		0.99731		0.02468
	0.90733		0.98961		0.99734		0.02439
	0.90819		0.9897		0.99736		0.0241
	0.90905		0.98979		0.99739		0.02381
	0.90991		0.98988		0.99742		0.02353
	0.91077		0.98997		0.99744		0.02324
	0.91163		0.99006		0.99747		0.02296
	0.91249		0.99015		0.99749		0.02268
	0.91335		0.99023		0.99752		0.0224
	0.91421		0.99032		0.99755		0.02212
	0.91508		0.99042		0.99757		0.02184
	0.91594		0.99051		0.9976		0.02156
	0.9168		0.9906		0.99762		0.02129
	0.91766		0.99069		0.99765		0.02102
	0.91852		0.99078		0.99767		0.02074
	0.91939		0.99087		0.9977		0.02047
	0.92025		0.99096		0.99773		0.0202
	0.92112		0.99105		0.99775		0.01993
	0.92198		0.99114		0.99778		0.01967
	0.92284		0.99123		0.9978		0.0194
	0.92371		0.99132		0.99783		0.01914
	0.92457		0.99142		0.99786		0.01887
	0.92544		0.99151		0.99788		0.01861
	0.9263		0.9916		0.99791		0.01835
	0.92717		0.99169		0.99793		0.01809
	0.92803		0.99179		0.99796		0.01783
	0.9289		0.99188		0.99798		0.01757
	0.92977		0.99197		0.99801		0.01732
	0.93063		0.99206		0.99804		0.01706
	0.9315		0.99216		0.99806		0.01681
	0.93237		0.99225		0.99809		0.01656
	0.93323		0.99234		0.99811		0.0163
	0.9341		0.99244		0.99814		0.01605
	0.93497		0.99253		0.99816		0.0158
	0.93584		0.99263		0.99819		0.01556
	0.93671		0.99272		0.99821		0.01531
	0.93757		0.99281		0.99824		0.01506
	0.93844		0.99291		0.99826		0.01482
	0.93931		0.993		0.99829		0.01457
	0.94018		0.9931		0.99832		0.01433
	0.94105		0.99319		0.99834		0.01409
	0.94192		0.99329		0.99837		0.01385
	0.94279		0.99338		0.99839		0.01361
	0.94366		0.99348		0.99842		0.01337
	0.94453		0.99357		0.99844		0.01313
	0.9454		0.99367		0.99847		0.0129
	0.94627		0.99376		0.99849		0.01266
	0.94714		0.99386		0.99852		0.01243
	0.94801		0.99396		0.99854		0.0122
	0.94888		0.99405		0.99857		0.01196
	0.94975		0.99415		0.99859		0.01173
	0.95062		0.99425		0.99862		0.0115
	0.9515		0.99434		0.99864		0.01127
	0.95237		0.99444		0.99867		0.01105
	0.95324		0.99454		0.99869		0.01082
	0.95411		0.99464		0.99872		0.01059
	0.95498		0.99473		0.99874		0.01037
	0.95586		0.99483		0.99877		0.01014
	0.95673		0.99493		0.99879		0.00992
	0.9576		0.99503		0.99882		0.0097
	0.95847		0.99513		0.99884		0.00948
	0.95935		0.99522		0.99887		0.00926
	0.96022		0.99532		0.99889		0.00904
	0.96109		0.99542		0.99892		0.00882
	0.96197		0.99552		0.99894		0.0086
	0.96284		0.99562		0.99897		0.00839
	0.96371		0.99572		0.99899		0.00817
	0.96459		0.99582		0.99902		0.00796
	0.96546		0.99592		0.99904		0.00774
	0.96634		0.99602		0.99907		0.00753
	0.96721		0.99612		0.99909		0.00732
	0.96808		0.99622		0.99912		0.00711
	0.96896		0.99632		0.99914		0.0069
	0.96983		0.99642		0.99916		0.00669
	0.97071		0.99652		0.99919		0.00648
	0.97158		0.99662		0.99921		0.00627
	0.97246		0.99672		0.99924		0.00607
	0.97333		0.99682		0.99926		0.00586
	0.97421		0.99693		0.99929		0.00566
	0.97508		0.99703		0.99931		0.00545
	0.97596		0.99713		0.99934		0.00525
	0.97683		0.99723		0.99936		0.00505
	0.97771		0.99733		0.99939		0.00485
	0.97859		0.99744		0.99941		0.00465
	0.97946		0.99754		0.99943		0.00445
	0.98034		0.99764		0.99946		0.00425
	0.98121		0.99775		0.99948		0.00405
	0.98209		0.99785		0.99951		0.00385
	0.98297		0.99795		0.99953		0.00366
	0.98384		0.99806		0.99956		0.00346
	0.98472		0.99816		0.99958		0.00327
	0.9856		0.99826		0.9996		0.00307
	0.98647		0.99837		0.99963		0.00288
	0.98735		0.99847		0.99965		0.00269
	0.98823		0.99858		0.99968		0.0025
	0.9891		0.99868		0.9997		0.00231
	0.98998		0.99879		0.99973		0.00212
	0.99086		0.99889		0.99975		0.00193
	0.99173		0.999		0.99977		0.00174
	0.99261		0.9991		0.9998		0.00155
	0.99349		0.99921		0.99982		0.00136
	0.99437		0.99932		0.99985		0.00118
	0.99524		0.99942		0.99987		0.00099
	0.99612		0.99953		0.99989		0.00081
	0.997		0.99963		0.99992		0.00062
	0.99788		0.99974		0.99994		0.00044
	0.99876		0.99985		0.99997		0.00026
	0.99963		0.99996		0.99999		0.00008
	0.99997		1		1		0.00001
