	0 0.699 0.743 0.705
    0.04798		0.69908		0.74391		0.70557	
	0.04886		0.69916		0.744		0.70563	
	0.04974		0.69923		0.74409		0.70569	
	0.05061		0.69931		0.74418		0.70575	
	0.05149		0.69938		0.74427		0.70581	
	0.05237		0.69946		0.74436		0.70586	
	0.05325		0.69953		0.74445		0.70592	
	0.05413		0.6996		0.74454		0.70598	
	0.055		0.69968		0.74463		0.70604	
	0.05588		0.69976		0.74472		0.7061	
	0.05676		0.69983		0.74481		0.70616	
	0.05764		0.6999		0.7449		0.70622	
	0.05851		0.69998		0.74499		0.70628	
	0.05939		0.70006		0.74508		0.70634	
	0.06027		0.70013		0.74517		0.70639	
	0.06115		0.7002		0.74526		0.70645	
	0.06202		0.70028		0.74535		0.70651	
	0.0629		0.70036		0.74544		0.70657	
	0.06378		0.70043		0.74553		0.70663	
	0.06466		0.70051		0.74562		0.70669	
	0.06553		0.70058		0.74571		0.70675	
	0.06641		0.70066		0.7458		0.70681	
	0.06729		0.70073		0.74589		0.70687	
	0.06817		0.70081		0.74598		0.70692	
	0.06904		0.70088		0.74608		0.70698	
	0.06992		0.70096		0.74617		0.70704	
	0.0708		0.70104		0.74626		0.7071	
	0.07168		0.70111		0.74635		0.70716	
	0.07255		0.70119		0.74644		0.70722	
	0.07343		0.70126		0.74653		0.70728	
	0.07431		0.70134		0.74662		0.70734	
	0.07518		0.70141		0.74671		0.7074	
	0.07606		0.70149		0.74681		0.70746	
	0.07694		0.70157		0.7469		0.70752	
	0.07782		0.70164		0.74699		0.70757	
	0.07869		0.70172		0.74708		0.70763	
	0.07957		0.70179		0.74717		0.70769	
	0.08045		0.70187		0.74726		0.70775	
	0.08132		0.70195		0.74736		0.70781	
	0.0822		0.70202		0.74745		0.70787	
	0.08308		0.7021		0.74754		0.70793	
	0.08395		0.70218		0.74763		0.70799	
	0.08483		0.70225		0.74772		0.70805	
	0.08571		0.70233		0.74782		0.70811	
	0.08658		0.70241		0.74791		0.70817	
	0.08746		0.70248		0.748		0.70823	
	0.08834		0.70256		0.74809		0.70829	
	0.08921		0.70264		0.74819		0.70834	
	0.09009		0.70271		0.74828		0.7084	
	0.09097		0.70279		0.74837		0.70846	
	0.09184		0.70287		0.74846		0.70852	
	0.09272		0.70294		0.74856		0.70858	
	0.0936		0.70302		0.74865		0.70864	
	0.09447		0.7031		0.74874		0.7087	
	0.09535		0.70317		0.74884		0.70876	
	0.09623		0.70325		0.74893		0.70882	
	0.0971		0.70333		0.74902		0.70888	
	0.09798		0.70341		0.74912		0.70894	
	0.09885		0.70348		0.74921		0.709	
	0.09973		0.70356		0.7493		0.70906	
	0.10061		0.70364		0.7494		0.70912	
	0.10148		0.70372		0.74949		0.70918	
	0.10236		0.70379		0.74958		0.70924	
	0.10323		0.70387		0.74968		0.70929	
	0.10411		0.70395		0.74977		0.70935	
	0.10499		0.70403		0.74987		0.70941	
	0.10586		0.7041		0.74996		0.70947	
	0.10674		0.70418		0.75005		0.70953	
	0.10761		0.70426		0.75015		0.70959	
	0.10849		0.70434		0.75024		0.70965	
	0.10936		0.70441		0.75034		0.70971	
	0.11024		0.70449		0.75043		0.70977	
	0.11112		0.70457		0.75053		0.70983	
	0.11199		0.70465		0.75062		0.70989	
	0.11287		0.70473		0.75071		0.70995	
	0.11374		0.7048		0.75081		0.71001	
	0.11462		0.70488		0.7509		0.71007	
	0.11549		0.70496		0.751		0.71013	
	0.11637		0.70504		0.75109		0.71019	
	0.11724		0.70512		0.75119		0.71025	
	0.11812		0.7052		0.75128		0.71031	
	0.119		0.70527		0.75138		0.71037	
	0.11987		0.70535		0.75147		0.71043	
	0.12075		0.70543		0.75157		0.71049	
	0.12162		0.70551		0.75167		0.71055	
	0.1225		0.70559		0.75176		0.71061	
	0.12337		0.70567		0.75186		0.71066	
	0.12425		0.70574		0.75195		0.71072	
	0.12512		0.70582		0.75205		0.71078	
	0.126		0.7059		0.75214		0.71084	
	0.12687		0.70598		0.75224		0.7109	
	0.12775		0.70606		0.75234		0.71096	
	0.12862		0.70614		0.75243		0.71102	
	0.1295		0.70622		0.75253		0.71108	
	0.13037		0.7063		0.75262		0.71114	
	0.13125		0.70638		0.75272		0.7112	
	0.13212		0.70646		0.75282		0.71126	
	0.133		0.70653		0.75291		0.71132	
	0.13387		0.70661		0.75301		0.71138	
	0.13474		0.70669		0.75311		0.71144	
	0.13562		0.70677		0.7532		0.7115	
	0.13649		0.70685		0.7533		0.71156	
	0.13737		0.70693		0.7534		0.71162	
	0.13824		0.70701		0.75349		0.71168	
	0.13912		0.70709		0.75359		0.71174	
	0.13999		0.70717		0.75369		0.7118	
	0.14087		0.70725		0.75378		0.71186	
	0.14174		0.70733		0.75388		0.71192	
	0.14261		0.70741		0.75398		0.71198	
	0.14349		0.70749		0.75408		0.71204	
	0.14436		0.70757		0.75417		0.7121	
	0.14524		0.70765		0.75427		0.71216	
	0.14611		0.70773		0.75437		0.71222	
	0.14699		0.70781		0.75447		0.71228	
	0.14786		0.70789		0.75457		0.71234	
	0.14873		0.70797		0.75466		0.7124	
	0.14961		0.70805		0.75476		0.71246	
	0.15048		0.70813		0.75486		0.71252	
	0.15136		0.70821		0.75496		0.71258	
	0.15223		0.70829		0.75506		0.71264	
	0.1531		0.70837		0.75516		0.7127	
	0.15398		0.70845		0.75525		0.71276	
	0.15485		0.70853		0.75535		0.71281	
	0.15572		0.70861		0.75545		0.71287	
	0.1566		0.70869		0.75555		0.71293	
	0.15747		0.70877		0.75565		0.71299	
	0.15835		0.70885		0.75575		0.71305	
	0.15922		0.70893		0.75585		0.71311	
	0.16009		0.70901		0.75595		0.71317	
	0.16097		0.7091		0.75604		0.71323	
	0.16184		0.70918		0.75614		0.71329	
	0.16271		0.70926		0.75624		0.71335	
	0.16359		0.70934		0.75634		0.71341	
	0.16446		0.70942		0.75644		0.71347	
	0.16533		0.7095		0.75654		0.71353	
	0.1662		0.70958		0.75664		0.71359	
	0.16708		0.70966		0.75674		0.71365	
	0.16795		0.70974		0.75684		0.71371	
	0.16882		0.70982		0.75694		0.71377	
	0.1697		0.70991		0.75704		0.71383	
	0.17057		0.70999		0.75714		0.71389	
	0.17144		0.71007		0.75724		0.71395	
	0.17232		0.71015		0.75734		0.71401	
	0.17319		0.71023		0.75744		0.71407	
	0.17406		0.71031		0.75754		0.71413	
	0.17493		0.7104		0.75764		0.71419	
	0.17581		0.71048		0.75774		0.71425	
	0.17668		0.71056		0.75784		0.71431	
	0.17755		0.71064		0.75794		0.71437	
	0.17842		0.71072		0.75805		0.71443	
	0.1793		0.7108		0.75815		0.71449	
	0.18017		0.71089		0.75825		0.71455	
	0.18104		0.71097		0.75835		0.71461	
	0.18191		0.71105		0.75845		0.71467	
	0.18279		0.71113		0.75855		0.71473	
	0.18366		0.71121		0.75865		0.71479	
	0.18453		0.7113		0.75875		0.71485	
	0.1854		0.71138		0.75886		0.71491	
	0.18628		0.71146		0.75896		0.71497	
	0.18715		0.71154		0.75906		0.71503	
	0.18802		0.71163		0.75916		0.71509	
	0.18889		0.71171		0.75926		0.71515	
	0.18976		0.71179		0.75936		0.71521	
	0.19064		0.71187		0.75947		0.71527	
	0.19151		0.71196		0.75957		0.71533	
	0.19238		0.71204		0.75967		0.71539	
	0.19325		0.71212		0.75977		0.71545	
	0.19412		0.7122		0.75988		0.71551	
	0.195		0.71229		0.75998		0.71557	
	0.19587		0.71237		0.76008		0.71563	
	0.19674		0.71245		0.76018		0.71569	
	0.19761		0.71254		0.76029		0.71575	
	0.19848		0.71262		0.76039		0.71581	
	0.19935		0.7127		0.76049		0.71587	
	0.20022		0.71279		0.7606		0.71593	
	0.2011		0.71287		0.7607		0.71599	
	0.20197		0.71295		0.7608		0.71605	
	0.20284		0.71304		0.76091		0.71611	
	0.20371		0.71312		0.76101		0.71617	
	0.20458		0.7132		0.76111		0.71622	
	0.20545		0.71329		0.76122		0.71629	
	0.20632		0.71337		0.76132		0.71635	
	0.20719		0.71345		0.76143		0.71641	
	0.20807		0.71354		0.76153		0.71646	
	0.20894		0.71362		0.76163		0.71652	
	0.20981		0.7137		0.76174		0.71659	
	0.21068		0.71379		0.76184		0.71664	
	0.21155		0.71387		0.76195		0.7167	
	0.21242		0.71396		0.76205		0.71676	
	0.21329		0.71404		0.76215		0.71682	
	0.21416		0.71412		0.76226		0.71688	
	0.21503		0.71421		0.76237		0.71694	
	0.2159		0.71429		0.76247		0.717	
	0.21677		0.71438		0.76257		0.71706	
	0.21764		0.71446		0.76268		0.71712	
	0.21851		0.71454		0.76279		0.71718	
	0.21938		0.71463		0.76289		0.71724	
	0.22025		0.71471		0.763		0.7173	
	0.22112		0.7148		0.7631		0.71736	
	0.222		0.71488		0.76321		0.71742	
	0.22287		0.71497		0.76331		0.71748	
	0.22374		0.71505		0.76342		0.71754	
	0.22461		0.71514		0.76352		0.7176	
	0.22548		0.71522		0.76363		0.71766	
	0.22635		0.71531		0.76374		0.71772	
	0.22722		0.71539		0.76384		0.71778	
	0.22809		0.71548		0.76395		0.71784	
	0.22896		0.71556		0.76406		0.7179	
	0.22983		0.71565		0.76416		0.71796	
	0.23069		0.71573		0.76427		0.71802	
	0.23156		0.71582		0.76437		0.71808	
	0.23243		0.7159		0.76448		0.71813	
	0.2333		0.71599		0.76459		0.7182	
	0.23417		0.71607		0.76469		0.71826	
	0.23504		0.71616		0.7648		0.71831	
	0.23591		0.71624		0.76491		0.71837	
	0.23678		0.71633		0.76502		0.71843	
	0.23765		0.71641		0.76512		0.71849	
	0.23852		0.7165		0.76523		0.71855	
	0.23939		0.71658		0.76534		0.71861	
	0.24026		0.71667		0.76545		0.71867	
	0.24113		0.71676		0.76555		0.71873	
	0.242		0.71684		0.76566		0.71879	
	0.24287		0.71693		0.76577		0.71885	
	0.24373		0.71701		0.76588		0.71891	
	0.2446		0.7171		0.76599		0.71897	
	0.24547		0.71718		0.76609		0.71903	
	0.24634		0.71727		0.7662		0.71909	
	0.24721		0.71736		0.76631		0.71915	
	0.24808		0.71744		0.76642		0.71921	
	0.24895		0.71753		0.76653		0.71927	
	0.24982		0.71761		0.76664		0.71932	
	0.25068		0.7177		0.76675		0.71938	
	0.25155		0.71779		0.76686		0.71944	
	0.25242		0.71787		0.76696		0.7195	
	0.25329		0.71796		0.76707		0.71956	
	0.25416		0.71805		0.76718		0.71962	
	0.25503		0.71813		0.76729		0.71968	
	0.25589		0.71822		0.7674		0.71974	
	0.25676		0.71831		0.76751		0.7198	
	0.25763		0.71839		0.76762		0.71986	
	0.2585		0.71848		0.76773		0.71992	
	0.25937		0.71857		0.76784		0.71998	
	0.26023		0.71865		0.76795		0.72004	
	0.2611		0.71874		0.76806		0.72009	
	0.26197		0.71883		0.76817		0.72015	
	0.26284		0.71891		0.76828		0.72021	
	0.26371		0.719		0.76839		0.72027	
	0.26457		0.71909		0.7685		0.72033	
	0.26544		0.71918		0.76861		0.72039	
	0.26631		0.71926		0.76873		0.72045	
	0.26718		0.71935		0.76884		0.72051	
	0.26804		0.71944		0.76895		0.72057	
	0.26891		0.71953		0.76906		0.72063	
	0.26978		0.71961		0.76917		0.72068	
	0.27064		0.7197		0.76928		0.72074	
	0.27151		0.71979		0.76939		0.7208	
	0.27238		0.71988		0.7695		0.72086	
	0.27325		0.71996		0.76962		0.72092	
	0.27411		0.72005		0.76973		0.72098	
	0.27498		0.72014		0.76984		0.72104	
	0.27585		0.72023		0.76995		0.7211	
	0.27671		0.72031		0.77006		0.72116	
	0.27758		0.7204		0.77018		0.72121	
	0.27845		0.72049		0.77029		0.72127	
	0.27931		0.72058		0.7704		0.72133	
	0.28018		0.72067		0.77051		0.72139	
	0.28105		0.72075		0.77063		0.72145	
	0.28191		0.72084		0.77074		0.72151	
	0.28278		0.72093		0.77085		0.72157	
	0.28365		0.72102		0.77097		0.72162	
	0.28451		0.72111		0.77108		0.72168	
	0.28538		0.7212		0.77119		0.72174	
	0.28624		0.72129		0.77131		0.7218	
	0.28711		0.72137		0.77142		0.72186	
	0.28798		0.72146		0.77153		0.72192	
	0.28884		0.72155		0.77165		0.72198	
	0.28971		0.72164		0.77176		0.72203	
	0.29057		0.72173		0.77188		0.72209	
	0.29144		0.72182		0.77199		0.72215	
	0.29231		0.72191		0.7721		0.72221	
	0.29317		0.72199		0.77222		0.72227	
	0.29404		0.72208		0.77233		0.72233	
	0.2949		0.72217		0.77245		0.72238	
	0.29577		0.72226		0.77256		0.72244	
	0.29663		0.72235		0.77268		0.7225	
	0.2975		0.72244		0.77279		0.72256	
	0.29836		0.72253		0.77291		0.72262	
	0.29923		0.72262		0.77302		0.72267	
	0.3001		0.72271		0.77314		0.72273	
	0.30096		0.7228		0.77325		0.72279	
	0.30183		0.72289		0.77337		0.72285	
	0.30269		0.72298		0.77348		0.72291	
	0.30356		0.72307		0.7736		0.72296	
	0.30442		0.72315		0.77372		0.72302	
	0.30528		0.72324		0.77383		0.72308	
	0.30615		0.72333		0.77395		0.72314	
	0.30701		0.72342		0.77406		0.7232	
	0.30788		0.72351		0.77418		0.72325	
	0.30874		0.7236		0.7743		0.72331	
	0.30961		0.72369		0.77441		0.72337	
	0.31047		0.72378		0.77453		0.72343	
	0.31134		0.72387		0.77465		0.72348	
	0.3122		0.72396		0.77476		0.72354	
	0.31306		0.72405		0.77488		0.7236	
	0.31393		0.72414		0.775		0.72366	
	0.31479		0.72423		0.77512		0.72372	
	0.31566		0.72432		0.77523		0.72377	
	0.31652		0.72442		0.77535		0.72383	
	0.31738		0.72451		0.77547		0.72389	
	0.31825		0.7246		0.77559		0.72394	
	0.31911		0.72469		0.77571		0.724	
	0.31998		0.72478		0.77582		0.72406	
	0.32084		0.72487		0.77594		0.72412	
	0.3217		0.72496		0.77606		0.72417	
	0.32257		0.72505		0.77618		0.72423	
	0.32343		0.72514		0.7763		0.72429	
	0.32429		0.72523		0.77642		0.72435	
	0.32516		0.72532		0.77654		0.7244	
	0.32602		0.72541		0.77665		0.72446	
	0.32688		0.7255		0.77677		0.72452	
	0.32775		0.72559		0.77689		0.72457	
	0.32861		0.72569		0.77701		0.72463	
	0.32947		0.72578		0.77713		0.72469	
	0.33033		0.72587		0.77725		0.72474	
	0.3312		0.72596		0.77737		0.7248	
	0.33206		0.72605		0.77749		0.72486	
	0.33292		0.72614		0.77761		0.72491	
	0.33378		0.72623		0.77773		0.72497	
	0.33465		0.72632		0.77785		0.72503	
	0.33551		0.72642		0.77797		0.72508	
	0.33637		0.72651		0.77809		0.72514	
	0.33723		0.7266		0.77821		0.7252	
	0.3381		0.72669		0.77834		0.72525	
	0.33896		0.72678		0.77846		0.72531	
	0.33982		0.72687		0.77858		0.72537	
	0.34068		0.72697		0.7787		0.72542	
	0.34154		0.72706		0.77882		0.72548	
	0.34241		0.72715		0.77894		0.72553	
	0.34327		0.72724		0.77906		0.72559	
	0.34413		0.72733		0.77919		0.72565	
	0.34499		0.72743		0.77931		0.7257	
	0.34585		0.72752		0.77943		0.72576	
	0.34671		0.72761		0.77955		0.72581	
	0.34758		0.7277		0.77967		0.72587	
	0.34844		0.72779		0.7798		0.72593	
	0.3493		0.72789		0.77992		0.72598	
	0.35016		0.72798		0.78004		0.72604	
	0.35102		0.72807		0.78016		0.72609	
	0.35188		0.72816		0.78029		0.72615	
	0.35274		0.72826		0.78041		0.7262	
	0.3536		0.72835		0.78053		0.72626	
	0.35446		0.72844		0.78066		0.72632	
	0.35532		0.72853		0.78078		0.72637	
	0.35618		0.72863		0.78091		0.72643	
	0.35705		0.72872		0.78103		0.72648	
	0.35791		0.72881		0.78115		0.72654	
	0.35877		0.72891		0.78128		0.72659	
	0.35963		0.729		0.7814		0.72665	
	0.36049		0.72909		0.78153		0.7267	
	0.36135		0.72918		0.78165		0.72676	
	0.36221		0.72928		0.78178		0.72681	
	0.36307		0.72937		0.7819		0.72687	
	0.36393		0.72946		0.78203		0.72692	
	0.36479		0.72956		0.78215		0.72698	
	0.36565		0.72965		0.78228		0.72703	
	0.36651		0.72974		0.7824		0.72709	
	0.36737		0.72984		0.78253		0.72714	
	0.36822		0.72993		0.78265		0.72719	
	0.36908		0.73002		0.78278		0.72725	
	0.36994		0.73012		0.78291		0.7273	
	0.3708		0.73021		0.78303		0.72736	
	0.37166		0.7303		0.78316		0.72741	
	0.37252		0.7304		0.78328		0.72747	
	0.37338		0.73049		0.78341		0.72752	
	0.37424		0.73059		0.78354		0.72757	
	0.3751		0.73068		0.78367		0.72763	
	0.37596		0.73077		0.78379		0.72768	
	0.37682		0.73087		0.78392		0.72774	
	0.37767		0.73096		0.78405		0.72779	
	0.37853		0.73105		0.78417		0.72784	
	0.37939		0.73115		0.7843		0.7279	
	0.38025		0.73124		0.78443		0.72795	
	0.38111		0.73134		0.78456		0.728	
	0.38197		0.73143		0.78469		0.72806	
	0.38282		0.73153		0.78481		0.72811	
	0.38368		0.73162		0.78494		0.72816	
	0.38454		0.73171		0.78507		0.72822	
	0.3854		0.73181		0.7852		0.72827	
	0.38625		0.7319		0.78533		0.72832	
	0.38711		0.732		0.78546		0.72838	
	0.38797		0.73209		0.78559		0.72843	
	0.38883		0.73219		0.78572		0.72848	
	0.38968		0.73228		0.78585		0.72854	
	0.39054		0.73238		0.78598		0.72859	
	0.3914		0.73247		0.78611		0.72864	
	0.39226		0.73257		0.78624		0.72869	
	0.39311		0.73266		0.78637		0.72875	
	0.39397		0.73275		0.7865		0.7288	
	0.39483		0.73285		0.78663		0.72885	
	0.39568		0.73294		0.78676		0.7289	
	0.39654		0.73304		0.78689		0.72895	
	0.3974		0.73313		0.78702		0.72901	
	0.39825		0.73323		0.78715		0.72906	
	0.39911		0.73332		0.78728		0.72911	
	0.39997		0.73342		0.78741		0.72916	
	0.40082		0.73351		0.78755		0.72921	
	0.40168		0.73361		0.78768		0.72926	
	0.40253		0.73371		0.78781		0.72932	
	0.40339		0.7338		0.78794		0.72937	
	0.40425		0.7339		0.78807		0.72942	
	0.4051		0.73399		0.78821		0.72947	
	0.40596		0.73409		0.78834		0.72952	
	0.40681		0.73418		0.78847		0.72957	
	0.40767		0.73428		0.7886		0.72962	
	0.40852		0.73437		0.78874		0.72967	
	0.40938		0.73447		0.78887		0.72972	
	0.41023		0.73456		0.789		0.72978	
	0.41109		0.73466		0.78914		0.72983	
	0.41194		0.73476		0.78927		0.72988	
	0.4128		0.73485		0.78941		0.72993	
	0.41365		0.73495		0.78954		0.72998	
	0.41451		0.73504		0.78967		0.73003	
	0.41536		0.73514		0.78981		0.73008	
	0.41622		0.73524		0.78994		0.73013	
	0.41707		0.73533		0.79008		0.73018	
	0.41793		0.73543		0.79021		0.73023	
	0.41878		0.73552		0.79035		0.73028	
	0.41963		0.73562		0.79048		0.73033	
	0.42049		0.73572		0.79062		0.73038	
	0.42134		0.73581		0.79076		0.73042	
	0.4222		0.73591		0.79089		0.73047	
	0.42305		0.736		0.79103		0.73052	
	0.4239		0.7361		0.79116		0.73057	
	0.42476		0.7362		0.7913		0.73062	
	0.42561		0.73629		0.79144		0.73067	
	0.42646		0.73639		0.79157		0.73072	
	0.42732		0.73649		0.79171		0.73077	
	0.42817		0.73658		0.79185		0.73082	
	0.42902		0.73668		0.79198		0.73086	
	0.42987		0.73678		0.79212		0.73091	
	0.43073		0.73687		0.79226		0.73096	
	0.43158		0.73697		0.7924		0.73101	
	0.43243		0.73707		0.79254		0.73106	
	0.43328		0.73716		0.79267		0.7311	
	0.43414		0.73726		0.79281		0.73115	
	0.43499		0.73736		0.79295		0.7312	
	0.43584		0.73745		0.79309		0.73125	
	0.43669		0.73755		0.79323		0.73129	
	0.43754		0.73765		0.79337		0.73134	
	0.4384		0.73774		0.79351		0.73139	
	0.43925		0.73784		0.79365		0.73143	
	0.4401		0.73794		0.79379		0.73148	
	0.44095		0.73803		0.79393		0.73153	
	0.4418		0.73813		0.79407		0.73157	
	0.44265		0.73823		0.79421		0.73162	
	0.4435		0.73833		0.79435		0.73167	
	0.44436		0.73842		0.79449		0.73171	
	0.44521		0.73852		0.79463		0.73176	
	0.44606		0.73862		0.79477		0.7318	
	0.44691		0.73871		0.79491		0.73185	
	0.44776		0.73881		0.79505		0.7319	
	0.44861		0.73891		0.79519		0.73194	
	0.44946		0.73901		0.79534		0.73199	
	0.45031		0.7391		0.79548		0.73203	
	0.45116		0.7392		0.79562		0.73208	
	0.45201		0.7393		0.79576		0.73212	
	0.45286		0.7394		0.7959		0.73217	
	0.45371		0.73949		0.79605		0.73221	
	0.45456		0.73959		0.79619		0.73226	
	0.45541		0.73969		0.79633		0.7323	
	0.45626		0.73979		0.79648		0.73234	
	0.45711		0.73988		0.79662		0.73239	
	0.45796		0.73998		0.79676		0.73243	
	0.4588		0.74008		0.79691		0.73248	
	0.45965		0.74018		0.79705		0.73252	
	0.4605		0.74027		0.7972		0.73256	
	0.46135		0.74037		0.79734		0.73261	
	0.4622		0.74047		0.79749		0.73265	
	0.46305		0.74057		0.79763		0.73269	
	0.4639		0.74067		0.79778		0.73273	
	0.46474		0.74076		0.79792		0.73278	
	0.46559		0.74086		0.79807		0.73282	
	0.46644		0.74096		0.79821		0.73286	
	0.46729		0.74106		0.79836		0.7329	
	0.46814		0.74115		0.7985		0.73295	
	0.46898		0.74125		0.79865		0.73299	
	0.46983		0.74135		0.7988		0.73303	
	0.47068		0.74145		0.79894		0.73307	
	0.47152		0.74155		0.79909		0.73311	
	0.47237		0.74164		0.79924		0.73315	
	0.47322		0.74174		0.79939		0.73319	
	0.47407		0.74184		0.79953		0.73323	
	0.47491		0.74194		0.79968		0.73328	
	0.47576		0.74204		0.79983		0.73332	
	0.4766		0.74213		0.79998		0.73336	
	0.47745		0.74223		0.80013		0.7334	
	0.4783		0.74233		0.80027		0.73344	
	0.47914		0.74243		0.80042		0.73348	
	0.47999		0.74253		0.80057		0.73351	
	0.48083		0.74263		0.80072		0.73355	
	0.48168		0.74272		0.80087		0.73359	
	0.48253		0.74282		0.80102		0.73363	
	0.48337		0.74292		0.80117		0.73367	
	0.48422		0.74302		0.80132		0.73371	
	0.48506		0.74312		0.80147		0.73375	
	0.48591		0.74321		0.80162		0.73379	
	0.48675		0.74331		0.80177		0.73382	
	0.48759		0.74341		0.80193		0.73386	
	0.48844		0.74351		0.80208		0.7339	
	0.48928		0.74361		0.80223		0.73394	
	0.49013		0.74371		0.80238		0.73397	
	0.49097		0.7438		0.80253		0.73401	
	0.49182		0.7439		0.80268		0.73405	
	0.49266		0.744		0.80284		0.73408	
	0.4935		0.7441		0.80299		0.73412	
	0.49435		0.7442		0.80314		0.73416	
	0.49519		0.7443		0.8033		0.73419	
	0.49603		0.74439		0.80345		0.73423	
	0.49688		0.74449		0.8036		0.73426	
	0.49772		0.74459		0.80376		0.7343	
	0.49856		0.74469		0.80391		0.73433	
	0.4994		0.74479		0.80407		0.73437	
	0.50025		0.74489		0.80422		0.7344	
	0.50109		0.74498		0.80437		0.73444	
	0.50193		0.74508		0.80453		0.73447	
	0.50277		0.74518		0.80469		0.73451	
	0.50361		0.74528		0.80484		0.73454	
	0.50446		0.74538		0.805		0.73457	
	0.5053		0.74548		0.80515		0.73461	
	0.50614		0.74557		0.80531		0.73464	
	0.50698		0.74567		0.80547		0.73467	
	0.50782		0.74577		0.80562		0.73471	
	0.50866		0.74587		0.80578		0.73474	
	0.5095		0.74597		0.80594		0.73477	
	0.51034		0.74607		0.80609		0.7348	
	0.51118		0.74616		0.80625		0.73483	
	0.51202		0.74626		0.80641		0.73486	
	0.51286		0.74636		0.80657		0.7349	
	0.5137		0.74646		0.80673		0.73493	
	0.51454		0.74656		0.80689		0.73496	
	0.51538		0.74666		0.80704		0.73499	
	0.51622		0.74675		0.8072		0.73502	
	0.51706		0.74685		0.80736		0.73505	
	0.5179		0.74695		0.80752		0.73508	
	0.51874		0.74705		0.80768		0.73511	
	0.51958		0.74715		0.80784		0.73513	
	0.52042		0.74725		0.808		0.73516	
	0.52126		0.74734		0.80816		0.73519	
	0.5221		0.74744		0.80833		0.73522	
	0.52293		0.74754		0.80849		0.73525	
	0.52377		0.74764		0.80865		0.73528	
	0.52461		0.74774		0.80881		0.7353	
	0.52545		0.74783		0.80897		0.73533	
	0.52628		0.74793		0.80914		0.73536	
	0.52712		0.74803		0.8093		0.73538	
	0.52796		0.74813		0.80946		0.73541	
	0.5288		0.74823		0.80962		0.73544	
	0.52963		0.74832		0.80979		0.73546	
	0.53047		0.74842		0.80995		0.73549	
	0.5313		0.74852		0.81012		0.73551	
	0.53214		0.74862		0.81028		0.73554	
	0.53298		0.74872		0.81044		0.73556	
	0.53381		0.74881		0.81061		0.73558	
	0.53465		0.74891		0.81077		0.73561	
	0.53548		0.74901		0.81094		0.73563	
	0.53632		0.74911		0.81111		0.73565	
	0.53715		0.7492		0.81127		0.73568	
	0.53799		0.7493		0.81144		0.7357	
	0.53882		0.7494		0.8116		0.73572	
	0.53966		0.7495		0.81177		0.73574	
	0.54049		0.7496		0.81194		0.73577	
	0.54133		0.74969		0.8121		0.73579	
	0.54216		0.74979		0.81227		0.73581	
	0.543		0.74989		0.81244		0.73583	
	0.54383		0.74998		0.81261		0.73585	
	0.54466		0.75008		0.81278		0.73587	
	0.5455		0.75018		0.81295		0.73589	
	0.54633		0.75028		0.81312		0.73591	
	0.54716		0.75037		0.81328		0.73593	
	0.54799		0.75047		0.81345		0.73595	
	0.54883		0.75057		0.81362		0.73596	
	0.54966		0.75067		0.81379		0.73598	
	0.55049		0.75076		0.81396		0.736	
	0.55132		0.75086		0.81414		0.73602	
	0.55215		0.75096		0.81431		0.73603	
	0.55299		0.75105		0.81448		0.73605	
	0.55382		0.75115		0.81465		0.73607	
	0.55465		0.75125		0.81482		0.73608	
	0.55548		0.75134		0.81499		0.7361	
	0.55631		0.75144		0.81517		0.73611	
	0.55714		0.75154		0.81534		0.73613	
	0.55797		0.75163		0.81551		0.73614	
	0.5588		0.75173		0.81569		0.73615	
	0.55963		0.75182		0.81586		0.73617	
	0.56046		0.75192		0.81603		0.73618	
	0.56129		0.75202		0.81621		0.73619	
	0.56212		0.75211		0.81638		0.7362	
	0.56295		0.75221		0.81656		0.73622	
	0.56377		0.75231		0.81673		0.73623	
	0.5646		0.7524		0.81691		0.73624	
	0.56543		0.7525		0.81709		0.73625	
	0.56626		0.75259		0.81726		0.73626	
	0.56709		0.75269		0.81744		0.73627	
	0.56791		0.75278		0.81762		0.73628	
	0.56874		0.75288		0.81779		0.73629	
	0.56957		0.75297		0.81797		0.73629	
	0.5704		0.75307		0.81815		0.7363	
	0.57122		0.75316		0.81833		0.73631	
	0.57205		0.75326		0.81851		0.73632	
	0.57287		0.75335		0.81869		0.73632	
	0.5737		0.75345		0.81887		0.73633	
	0.57453		0.75354		0.81904		0.73634	
	0.57535		0.75364		0.81922		0.73634	
	0.57618		0.75373		0.81941		0.73635	
	0.577		0.75383		0.81959		0.73635	
	0.57783		0.75392		0.81977		0.73635	
	0.57865		0.75402		0.81995		0.73636	
	0.57947		0.75411		0.82013		0.73636	
	0.5803		0.75421		0.82031		0.73636	
	0.58112		0.7543		0.82049		0.73636	
	0.58195		0.75439		0.82068		0.73637	
	0.58277		0.75449		0.82086		0.73637	
	0.58359		0.75458		0.82104		0.73637	
	0.58441		0.75467		0.82123		0.73637	
	0.58524		0.75477		0.82141		0.73637	
	0.58606		0.75486		0.8216		0.73637	
	0.58688		0.75495		0.82178		0.73636	
	0.5877		0.75505		0.82197		0.73636	
	0.58852		0.75514		0.82215		0.73636	
	0.58935		0.75523		0.82234		0.73636	
	0.59017		0.75533		0.82252		0.73635	
	0.59099		0.75542		0.82271		0.73635	
	0.59181		0.75551		0.8229		0.73634	
	0.59263		0.7556		0.82308		0.73634	
	0.59345		0.75569		0.82327		0.73633	
	0.59427		0.75579		0.82346		0.73633	
	0.59509		0.75588		0.82365		0.73632	
	0.5959		0.75597		0.82384		0.73631	
	0.59672		0.75606		0.82403		0.7363	
	0.59754		0.75615		0.82422		0.7363	
	0.59836		0.75624		0.82441		0.73629	
	0.59918		0.75633		0.8246		0.73628	
	0.59999		0.75643		0.82479		0.73627	
	0.60081		0.75652		0.82498		0.73626	
	0.60163		0.75661		0.82517		0.73624	
	0.60245		0.7567		0.82536		0.73623	
	0.60326		0.75679		0.82555		0.73622	
	0.60408		0.75688		0.82575		0.73621	
	0.60489		0.75697		0.82594		0.73619	
	0.60571		0.75706		0.82613		0.73618	
	0.60652		0.75715		0.82633		0.73616	
	0.60734		0.75724		0.82652		0.73615	
	0.60815		0.75732		0.82671		0.73613	
	0.60897		0.75741		0.82691		0.73611	
	0.60978		0.7575		0.8271		0.73609	
	0.6106		0.75759		0.8273		0.73608	
	0.61141		0.75768		0.8275		0.73606	
	0.61222		0.75777		0.82769		0.73604	
	0.61303		0.75786		0.82789		0.73602	
	0.61385		0.75794		0.82809		0.736	
	0.61466		0.75803		0.82828		0.73597	
	0.61547		0.75812		0.82848		0.73595	
	0.61628		0.75821		0.82868		0.73593	
	0.61709		0.75829		0.82888		0.73591	
	0.6179		0.75838		0.82908		0.73588	
	0.61871		0.75847		0.82928		0.73586	
	0.61952		0.75855		0.82948		0.73583	
	0.62033		0.75864		0.82968		0.7358	
	0.62114		0.75872		0.82988		0.73578	
	0.62195		0.75881		0.83008		0.73575	
	0.62276		0.75889		0.83028		0.73572	
	0.62357		0.75898		0.83049		0.73569	
	0.62437		0.75906		0.83069		0.73566	
	0.62518		0.75915		0.83089		0.73563	
	0.62599		0.75923		0.8311		0.7356	
	0.6268		0.75932		0.8313		0.73556	
	0.6276		0.7594		0.8315		0.73553	
	0.62841		0.75948		0.83171		0.7355	
	0.62921		0.75957		0.83191		0.73546	
	0.63002		0.75965		0.83212		0.73543	
	0.63082		0.75973		0.83233		0.73539	
	0.63163		0.75982		0.83253		0.73535	
	0.63243		0.7599		0.83274		0.73531	
	0.63324		0.75998		0.83295		0.73528	
	0.63404		0.76006		0.83316		0.73524	
	0.63484		0.76014		0.83336		0.7352	
	0.63565		0.76022		0.83357		0.73515	
	0.63645		0.7603		0.83378		0.73511	
	0.63725		0.76039		0.83399		0.73507	
	0.63805		0.76047		0.8342		0.73502	
	0.63885		0.76055		0.83441		0.73498	
	0.63965		0.76062		0.83462		0.73493	
	0.64045		0.7607		0.83484		0.73489	
	0.64125		0.76078		0.83505		0.73484	
	0.64205		0.76086		0.83526		0.73479	
	0.64285		0.76094		0.83547		0.73474	
	0.64365		0.76102		0.83569		0.73469	
	0.64445		0.76109		0.8359		0.73464	
	0.64524		0.76117		0.83611		0.73459	
	0.64604		0.76125		0.83633		0.73454	
	0.64684		0.76133		0.83654		0.73448	
	0.64763		0.7614		0.83676		0.73443	
	0.64843		0.76148		0.83698		0.73437	
	0.64923		0.76155		0.83719		0.73431	
	0.65002		0.76163		0.83741		0.73426	
	0.65082		0.7617		0.83763		0.7342	
	0.65161		0.76178		0.83785		0.73414	
	0.6524		0.76185		0.83806		0.73408	
	0.6532		0.76192		0.83828		0.73402	
	0.65399		0.762		0.8385		0.73395	
	0.65478		0.76207		0.83872		0.73389	
	0.65557		0.76214		0.83894		0.73383	
	0.65636		0.76221		0.83917		0.73376	
	0.65715		0.76229		0.83939		0.73369	
	0.65794		0.76236		0.83961		0.73362	
	0.65873		0.76243		0.83983		0.73356	
	0.65952		0.7625		0.84005		0.73349	
	0.66031		0.76257		0.84028		0.73341	
	0.6611		0.76264		0.8405		0.73334	
	0.66189		0.76271		0.84073		0.73327	
	0.66268		0.76277		0.84095		0.73319	
	0.66346		0.76284		0.84118		0.73312	
	0.66425		0.76291		0.8414		0.73304	
	0.66503		0.76298		0.84163		0.73296	
	0.66582		0.76304		0.84186		0.73289	
	0.6666		0.76311		0.84209		0.73281	
	0.66739		0.76318		0.84231		0.73272	
	0.66817		0.76324		0.84254		0.73264	
	0.66895		0.76331		0.84277		0.73256	
	0.66974		0.76337		0.843		0.73247	
	0.67052		0.76343		0.84323		0.73239	
	0.6713		0.7635		0.84346		0.7323	
	0.67208		0.76356		0.84369		0.73221	
	0.67286		0.76362		0.84393		0.73212	
	0.67364		0.76368		0.84416		0.73203	
	0.67442		0.76375		0.84439		0.73194	
	0.6752		0.76381		0.84462		0.73185	
	0.67597		0.76387		0.84486		0.73175	
	0.67675		0.76393		0.84509		0.73166	
	0.67753		0.76399		0.84533		0.73156	
	0.6783		0.76404		0.84556		0.73146	
	0.67908		0.7641		0.8458		0.73136	
	0.67985		0.76416		0.84604		0.73126	
	0.68063		0.76422		0.84627		0.73116	
	0.6814		0.76427		0.84651		0.73105	
	0.68218		0.76433		0.84675		0.73095	
	0.68295		0.76438		0.84699		0.73084	
	0.68372		0.76444		0.84723		0.73073	
	0.68449		0.76449		0.84747		0.73063	
	0.68526		0.76454		0.84771		0.73051	
	0.68603		0.7646		0.84795		0.7304	
	0.6868		0.76465		0.84819		0.73029	
	0.68757		0.7647		0.84843		0.73017	
	0.68834		0.76475		0.84867		0.73006	
	0.6891		0.7648		0.84892		0.72994	
	0.68987		0.76485		0.84916		0.72982	
	0.69063		0.7649		0.84941		0.7297	
	0.6914		0.76495		0.84965		0.72958	
	0.69216		0.76499		0.8499		0.72946	
	0.69293		0.76504		0.85014		0.72933	
	0.69369		0.76509		0.85039		0.7292	
	0.69445		0.76513		0.85063		0.72908	
	0.69521		0.76518		0.85088		0.72895	
	0.69598		0.76522		0.85113		0.72882	
	0.69674		0.76526		0.85138		0.72868	
	0.69749		0.76531		0.85163		0.72855	
	0.69825		0.76535		0.85188		0.72841	
	0.69901		0.76539		0.85213		0.72828	
	0.69977		0.76543		0.85238		0.72814	
	0.70052		0.76547		0.85263		0.728	
	0.70128		0.76551		0.85288		0.72785	
	0.70203		0.76555		0.85314		0.72771	
	0.70279		0.76558		0.85339		0.72756	
	0.70354		0.76562		0.85364		0.72742	
	0.70429		0.76566		0.8539		0.72727	
	0.70504		0.76569		0.85415		0.72712	
	0.7058		0.76573		0.85441		0.72697	
	0.70655		0.76576		0.85466		0.72681	
	0.70729		0.76579		0.85492		0.72666	
	0.70804		0.76582		0.85518		0.7265	
	0.70879		0.76585		0.85544		0.72634	
	0.70954		0.76588		0.85569		0.72618	
	0.71028		0.76591		0.85595		0.72602	
	0.71103		0.76594		0.85621		0.72585	
	0.71177		0.76597		0.85647		0.72568	
	0.71251		0.766		0.85673		0.72552	
	0.71326		0.76602		0.85699		0.72535	
	0.714		0.76605		0.85726		0.72518	
	0.71474		0.76607		0.85752		0.725	
	0.71548		0.76609		0.85778		0.72483	
	0.71622		0.76612		0.85804		0.72465	
	0.71696		0.76614		0.85831		0.72447	
	0.71769		0.76616		0.85857		0.72429	
	0.71843		0.76618		0.85884		0.72411	
	0.71916		0.7662		0.8591		0.72392	
	0.7199		0.76621		0.85937		0.72374	
	0.72063		0.76623		0.85964		0.72355	
	0.72136		0.76625		0.8599		0.72336	
	0.72209		0.76626		0.86017		0.72316	
	0.72282		0.76628		0.86044		0.72297	
	0.72355		0.76629		0.86071		0.72277	
	0.72428		0.7663		0.86098		0.72257	
	0.72501		0.76631		0.86125		0.72237	
	0.72574		0.76632		0.86152		0.72217	
	0.72646		0.76633		0.86179		0.72197	
	0.72719		0.76634		0.86206		0.72176	
	0.72791		0.76635		0.86234		0.72155	
	0.72863		0.76635		0.86261		0.72134	
	0.72935		0.76636		0.86288		0.72113	
	0.73007		0.76636		0.86316		0.72091	
	0.73079		0.76636		0.86343		0.7207	
	0.73151		0.76637		0.86371		0.72048	
	0.73223		0.76637		0.86398		0.72026	
	0.73294		0.76637		0.86426		0.72003	
	0.73366		0.76636		0.86453		0.71981	
	0.73437		0.76636		0.86481		0.71958	
	0.73509		0.76636		0.86509		0.71935	
	0.7358		0.76635		0.86537		0.71912	
	0.73651		0.76635		0.86565		0.71888	
	0.73722		0.76634		0.86593		0.71865	
	0.73793		0.76633		0.86621		0.71841	
	0.73863		0.76633		0.86649		0.71817	
	0.73934		0.76632		0.86677		0.71793	
	0.74005		0.7663		0.86705		0.71768	
	0.74075		0.76629		0.86733		0.71743	
	0.74145		0.76628		0.86761		0.71718	
	0.74215		0.76626		0.8679		0.71693	
	0.74286		0.76625		0.86818		0.71668	
	0.74355		0.76623		0.86846		0.71642	
	0.74425		0.76621		0.86875		0.71616	
	0.74495		0.7662		0.86903		0.7159	
	0.74565		0.76618		0.86932		0.71564	
	0.74634		0.76615		0.8696		0.71537	
	0.74703		0.76613		0.86989		0.7151	
	0.74773		0.76611		0.87018		0.71483	
	0.74842		0.76608		0.87046		0.71456	
	0.74911		0.76606		0.87075		0.71428	
	0.7498		0.76603		0.87104		0.714	
	0.75048		0.766		0.87133		0.71372	
	0.75117		0.76597		0.87162		0.71344	
	0.75185		0.76594		0.87191		0.71315	
	0.75254		0.76591		0.8722		0.71287	
	0.75322		0.76588		0.87249		0.71258	
	0.7539		0.76584		0.87278		0.71228	
	0.75458		0.76581		0.87307		0.71199	
	0.75526		0.76577		0.87336		0.71169	
	0.75594		0.76573		0.87365		0.71139	
	0.75661		0.76569		0.87395		0.71109	
	0.75729		0.76565		0.87424		0.71078	
	0.75796		0.76561		0.87453		0.71047	
	0.75863		0.76557		0.87483		0.71016	
	0.7593		0.76553		0.87512		0.70985	
	0.75997		0.76548		0.87542		0.70954	
	0.76064		0.76544		0.87571		0.70922	
	0.76131		0.76539		0.87601		0.7089	
	0.76197		0.76534		0.8763		0.70857	
	0.76264		0.76529		0.8766		0.70825	
	0.7633		0.76524		0.8769		0.70792	
	0.76396		0.76519		0.87719		0.70759	
	0.76462		0.76513		0.87749		0.70725	
	0.76528		0.76508		0.87779		0.70692	
	0.76594		0.76502		0.87809		0.70658	
	0.76659		0.76496		0.87838		0.70624	
	0.76725		0.76491		0.87868		0.70589	
	0.7679		0.76485		0.87898		0.70555	
	0.76855		0.76479		0.87928		0.7052	
	0.7692		0.76472		0.87958		0.70484	
	0.76985		0.76466		0.87988		0.70449	
	0.7705		0.7646		0.88018		0.70413	
	0.77114		0.76453		0.88048		0.70377	
	0.77179		0.76446		0.88078		0.70341	
	0.77243		0.7644		0.88108		0.70304	
	0.77307		0.76433		0.88139		0.70267	
	0.77371		0.76426		0.88169		0.7023	
	0.77435		0.76419		0.88199		0.70193	
	0.77499		0.76411		0.88229		0.70155	
	0.77563		0.76404		0.88259		0.70117	
	0.77626		0.76397		0.8829		0.70079	
	0.77689		0.76389		0.8832		0.7004	
	0.77753		0.76381		0.8835		0.70002	
	0.77816		0.76373		0.88381		0.69963	
	0.77879		0.76365		0.88411		0.69923	
	0.77941		0.76357		0.88441		0.69884	
	0.78004		0.76349		0.88472		0.69844	
	0.78066		0.76341		0.88502		0.69803	
	0.78129		0.76333		0.88533		0.69763	
	0.78191		0.76324		0.88563		0.69722	
	0.78253		0.76316		0.88594		0.69681	
	0.78315		0.76307		0.88624		0.6964	
	0.78376		0.76298		0.88655		0.69598	
	0.78438		0.76289		0.88685		0.69556	
	0.78499		0.7628		0.88716		0.69514	
	0.7856		0.76271		0.88746		0.69472	
	0.78622		0.76262		0.88777		0.69429	
	0.78682		0.76252		0.88808		0.69386	
	0.78743		0.76243		0.88838		0.69343	
	0.78804		0.76233		0.88869		0.69299	
	0.78864		0.76224		0.88899		0.69255	
	0.78925		0.76214		0.8893		0.69211	
	0.78985		0.76204		0.88961		0.69166	
	0.79045		0.76194		0.88991		0.69122	
	0.79105		0.76184		0.89022		0.69076	
	0.79165		0.76174		0.89053		0.69031	
	0.79224		0.76164		0.89083		0.68985	
	0.79284		0.76154		0.89114		0.68939	
	0.79343		0.76144		0.89145		0.68893	
	0.79402		0.76133		0.89175		0.68847	
	0.79461		0.76123		0.89206		0.688	
	0.7952		0.76112		0.89237		0.68753	
	0.79578		0.76101		0.89267		0.68705	
	0.79637		0.76091		0.89298		0.68657	
	0.79695		0.7608		0.89329		0.68609	
	0.79753		0.76069		0.89359		0.68561	
	0.79811		0.76058		0.8939		0.68513	
	0.79869		0.76047		0.89421		0.68464	
	0.79927		0.76036		0.89451		0.68414	
	0.79985		0.76025		0.89482		0.68365	
	0.80042		0.76013		0.89513		0.68315	
	0.80099		0.76002		0.89543		0.68265	
	0.80156		0.75991		0.89574		0.68214	
	0.80213		0.75979		0.89604		0.68164	
	0.8027		0.75968		0.89635		0.68113	
	0.80327		0.75956		0.89666		0.68061	
	0.80383		0.75945		0.89696		0.6801	
	0.80439		0.75933		0.89727		0.67958	
	0.80495		0.75922		0.89757		0.67906	
	0.80551		0.7591		0.89788		0.67853	
	0.80607		0.75898		0.89818		0.678	
	0.80663		0.75886		0.89849		0.67747	
	0.80718		0.75875		0.89879		0.67694	
	0.80774		0.75863		0.8991		0.6764	
	0.80829		0.75851		0.8994		0.67586	
	0.80884		0.75839		0.89971		0.67531	
	0.80939		0.75827		0.90001		0.67477	
	0.80993		0.75815		0.90031		0.67422	
	0.81048		0.75803		0.90062		0.67366	
	0.81102		0.75791		0.90092		0.67311	
	0.81157		0.75779		0.90122		0.67255	
	0.81211		0.75767		0.90153		0.67199	
	0.81264		0.75755		0.90183		0.67142	
	0.81318		0.75743		0.90213		0.67085	
	0.81372		0.75731		0.90243		0.67028	
	0.81425		0.75719		0.90273		0.66971	
	0.81478		0.75707		0.90304		0.66913	
	0.81531		0.75695		0.90334		0.66855	
	0.81584		0.75683		0.90364		0.66796	
	0.81637		0.75671		0.90394		0.66738	
	0.81689		0.75659		0.90424		0.66678	
	0.81742		0.75647		0.90454		0.66619	
	0.81794		0.75635		0.90484		0.66559	
	0.81846		0.75623		0.90513		0.665	
	0.81898		0.75612		0.90543		0.66439	
	0.81949		0.756		0.90573		0.66379	
	0.82001		0.75588		0.90603		0.66318	
	0.82052		0.75576		0.90632		0.66257	
	0.82103		0.75565		0.90662		0.66195	
	0.82154		0.75553		0.90692		0.66133	
	0.82205		0.75542		0.90721		0.66071	
	0.82256		0.7553		0.90751		0.66009	
	0.82306		0.75519		0.9078		0.65946	
	0.82357		0.75507		0.9081		0.65883	
	0.82407		0.75496		0.90839		0.65819	
	0.82457		0.75485		0.90868		0.65755	
	0.82506		0.75474		0.90897		0.65691	
	0.82556		0.75463		0.90927		0.65627	
	0.82605		0.75452		0.90956		0.65562	
	0.82654		0.75441		0.90985		0.65497	
	0.82703		0.7543		0.91014		0.65432	
	0.82752		0.7542		0.91043		0.65367	
	0.82801		0.75409		0.91072		0.65301	
	0.82849		0.75399		0.911		0.65234	
	0.82897		0.75388		0.91129		0.65168	
	0.82946		0.75378		0.91158		0.65101	
	0.82993		0.75368		0.91186		0.65034	
	0.83041		0.75358		0.91215		0.64966	
	0.83089		0.75349		0.91243		0.64899	
	0.83136		0.75339		0.91272		0.64831	
	0.83183		0.75329		0.913		0.64762	
	0.8323		0.7532		0.91328		0.64693	
	0.83276		0.75311		0.91356		0.64624	
	0.83323		0.75302		0.91384		0.64555	
	0.83369		0.75293		0.91412		0.64486	
	0.83415		0.75284		0.9144		0.64416	
	0.83461		0.75276		0.91468		0.64345	
	0.83507		0.75267		0.91496		0.64275	
	0.83552		0.75259		0.91524		0.64204	
	0.83597		0.75251		0.91551		0.64133	
	0.83642		0.75244		0.91579		0.64062	
	0.83687		0.75236		0.91606		0.6399	
	0.83732		0.75229		0.91633		0.63918	
	0.83776		0.75221		0.91661		0.63846	
	0.8382		0.75214		0.91688		0.63773	
	0.83864		0.75208		0.91715		0.637	
	0.83908		0.75201		0.91742		0.63627	
	0.83952		0.75195		0.91768		0.63554	
	0.83995		0.75189		0.91795		0.6348	
	0.84038		0.75183		0.91822		0.63406	
	0.84081		0.75177		0.91848		0.63332	
	0.84123		0.75172		0.91875		0.63257	
	0.84166		0.75167		0.91901		0.63182	
	0.84208		0.75162		0.91927		0.63107	
	0.8425		0.75157		0.91953		0.63032	
	0.84292		0.75153		0.91979		0.62956	
	0.84333		0.75149		0.92005		0.6288	
	0.84374		0.75145		0.92031		0.62804	
	0.84415		0.75141		0.92057		0.62728	
	0.84456		0.75138		0.92082		0.62651	
	0.84496		0.75135		0.92108		0.62574	
	0.84537		0.75132		0.92133		0.62497	
	0.84577		0.7513		0.92158		0.62419	
	0.84616		0.75128		0.92183		0.62342	
	0.84656		0.75126		0.92208		0.62264	
	0.84695		0.75124		0.92233		0.62186	
	0.84734		0.75123		0.92258		0.62107	
	0.84773		0.75122		0.92282		0.62029	
	0.84812		0.75121		0.92307		0.6195	
	0.8485		0.75121		0.92331		0.61871	
	0.84888		0.75121		0.92355		0.61792	
	0.84926		0.75121		0.92379		0.61712	
	0.84963		0.75121		0.92403		0.61633	
	0.85		0.75122		0.92427		0.61553	
	0.85037		0.75124		0.92451		0.61473	
	0.85074		0.75125		0.92474		0.61392	
	0.85111		0.75127		0.92498		0.61312	
	0.85147		0.75129		0.92521		0.61231	
	0.85183		0.75131		0.92544		0.6115	
	0.85219		0.75134		0.92567		0.61069	
	0.85254		0.75137		0.9259		0.60988	
	0.85289		0.75141		0.92613		0.60907	
	0.85324		0.75145		0.92635		0.60825	
	0.85359		0.75149		0.92658		0.60743	
	0.85393		0.75153		0.9268		0.60661	
	0.85427		0.75158		0.92702		0.60579	
	0.85461		0.75163		0.92724		0.60497	
	0.85495		0.75168		0.92746		0.60415	
	0.85528		0.75174		0.92768		0.60332	
	0.85561		0.7518		0.92789		0.6025	
	0.85594		0.75187		0.92811		0.60167	
	0.85627		0.75193		0.92832		0.60084	
	0.85659		0.75201		0.92853		0.60001	
	0.85691		0.75208		0.92875		0.59918	
	0.85723		0.75216		0.92895		0.59835	
	0.85755		0.75224		0.92916		0.59751	
	0.85786		0.75232		0.92937		0.59668	
	0.85817		0.75241		0.92957		0.59584	
	0.85848		0.7525		0.92978		0.595	
	0.85878		0.75259		0.92998		0.59417	
	0.85909		0.75269		0.93018		0.59333	
	0.85939		0.75279		0.93038		0.59249	
	0.85968		0.7529		0.93058		0.59165	
	0.85998		0.753		0.93078		0.5908	
	0.86027		0.75311		0.93097		0.58996	
	0.86056		0.75323		0.93117		0.58912	
	0.86085		0.75334		0.93136		0.58827	
	0.86114		0.75346		0.93155		0.58743	
	0.86142		0.75358		0.93174		0.58658	
	0.8617		0.75371		0.93193		0.58574	
	0.86198		0.75384		0.93212		0.58489	
	0.86225		0.75397		0.9323		0.58404	
	0.86253		0.75411		0.93249		0.5832	
	0.8628		0.75424		0.93267		0.58235	
	0.86307		0.75438		0.93285		0.5815	
	0.86333		0.75453		0.93303		0.58065	
	0.8636		0.75468		0.93321		0.5798	
	0.86386		0.75482		0.93339		0.57895	
	0.86412		0.75498		0.93357		0.5781	
	0.86438		0.75513		0.93374		0.57725	
	0.86463		0.75529		0.93392		0.5764	
	0.86488		0.75545		0.93409		0.57555	
	0.86513		0.75561		0.93426		0.57469	
	0.86538		0.75578		0.93443		0.57384	
	0.86563		0.75595		0.9346		0.57299	
	0.86587		0.75612		0.93477		0.57214	
	0.86612		0.7563		0.93494		0.57128	
	0.86636		0.75647		0.93511		0.57043	
	0.86659		0.75665		0.93527		0.56958	
	0.86683		0.75683		0.93543		0.56872	
	0.86706		0.75702		0.9356		0.56787	
	0.8673		0.75721		0.93576		0.56702	
	0.86753		0.7574		0.93592		0.56616	
	0.86775		0.75759		0.93608		0.56531	
	0.86798		0.75778		0.93624		0.56446	
	0.86821		0.75798		0.93639		0.5636	
	0.86843		0.75818		0.93655		0.56275	
	0.86865		0.75838		0.9367		0.5619	
	0.86887		0.75858		0.93686		0.56104	
	0.86908		0.75879		0.93701		0.56019	
	0.8693		0.759		0.93716		0.55934	
	0.86951		0.75921		0.93731		0.55848	
	0.86972		0.75942		0.93746		0.55763	
	0.86993		0.75963		0.93761		0.55678	
	0.87014		0.75985		0.93776		0.55592	
	0.87035		0.76007		0.93791		0.55507	
	0.87055		0.76029		0.93805		0.55422	
	0.87076		0.76051		0.9382		0.55336	
	0.87096		0.76074		0.93834		0.55251	
	0.87116		0.76096		0.93848		0.55166	
	0.87136		0.76119		0.93863		0.5508	
	0.87155		0.76142		0.93877		0.54995	
	0.87175		0.76166		0.93891		0.5491	
	0.87194		0.76189		0.93905		0.54825	
	0.87213		0.76213		0.93919		0.54739	
	0.87233		0.76236		0.93932		0.54654	
	0.87252		0.7626		0.93946		0.54569	
	0.8727		0.76284		0.9396		0.54484	
	0.87289		0.76309		0.93973		0.54399	
	0.87307		0.76333		0.93987		0.54314	
	0.87326		0.76358		0.94		0.54229	
	0.87344		0.76383		0.94013		0.54143	
	0.87362		0.76407		0.94026		0.54058	
	0.8738		0.76433		0.9404		0.53973	
	0.87398		0.76458		0.94053		0.53888	
	0.87416		0.76483		0.94066		0.53803	
	0.87433		0.76509		0.94079		0.53718	
	0.87451		0.76534		0.94091		0.53633	
	0.87468		0.7656		0.94104		0.53548	
	0.87485		0.76586		0.94117		0.53463	
	0.87503		0.76612		0.94129		0.53378	
	0.8752		0.76639		0.94142		0.53294	
	0.87536		0.76665		0.94154		0.53209	
	0.87553		0.76692		0.94167		0.53124	
	0.8757		0.76718		0.94179		0.53039	
	0.87586		0.76745		0.94191		0.52954	
	0.87603		0.76772		0.94204		0.52869	
	0.87619		0.76799		0.94216		0.52785	
	0.87636		0.76826		0.94228		0.527	
	0.87652		0.76854		0.9424		0.52615	
	0.87668		0.76881		0.94252		0.5253	
	0.87684		0.76909		0.94264		0.52446	
	0.87699		0.76936		0.94276		0.52361	
	0.87715		0.76964		0.94287		0.52276	
	0.87731		0.76992		0.94299		0.52192	
	0.87746		0.7702		0.94311		0.52107	
	0.87762		0.77048		0.94323		0.52022	
	0.87777		0.77076		0.94334		0.51938	
	0.87793		0.77104		0.94346		0.51853	
	0.87808		0.77133		0.94357		0.51769	
	0.87823		0.77161		0.94368		0.51684	
	0.87838		0.7719		0.9438		0.516	
	0.87853		0.77219		0.94391		0.51515	
	0.87868		0.77247		0.94402		0.51431	
	0.87883		0.77276		0.94414		0.51346	
	0.87897		0.77305		0.94425		0.51262	
	0.87912		0.77334		0.94436		0.51178	
	0.87926		0.77363		0.94447		0.51093	
	0.87941		0.77393		0.94458		0.51009	
	0.87955		0.77422		0.94469		0.50924	
	0.8797		0.77451		0.9448		0.5084	
	0.87984		0.77481		0.94491		0.50756	
	0.87998		0.77511		0.94501		0.50671	
	0.88012		0.7754		0.94512		0.50587	
	0.88026		0.7757		0.94523		0.50503	
	0.8804		0.776		0.94534		0.50419	
	0.88054		0.7763		0.94544		0.50334	
	0.88068		0.7766		0.94555		0.5025	
	0.88082		0.7769		0.94566		0.50166	
	0.88096		0.7772		0.94576		0.50082	
	0.88109		0.7775		0.94587		0.49998	
	0.88123		0.7778		0.94597		0.49913	
	0.88137		0.77811		0.94607		0.49829	
	0.8815		0.77841		0.94618		0.49745	
	0.88164		0.77872		0.94628		0.49661	
	0.88177		0.77902		0.94639		0.49577	
	0.8819		0.77933		0.94649		0.49493	
	0.88204		0.77963		0.94659		0.49409	
	0.88217		0.77994		0.94669		0.49325	
	0.8823		0.78025		0.94679		0.49241	
	0.88243		0.78056		0.9469		0.49157	
	0.88256		0.78087		0.947		0.49073	
	0.8827		0.78118		0.9471		0.48989	
	0.88283		0.78149		0.9472		0.48905	
	0.88296		0.7818		0.9473		0.48821	
	0.88308		0.78211		0.9474		0.48737	
	0.88321		0.78242		0.9475		0.48653	
	0.88334		0.78273		0.9476		0.48569	
	0.88347		0.78305		0.94769		0.48485	
	0.8836		0.78336		0.94779		0.48401	
	0.88372		0.78367		0.94789		0.48317	
	0.88385		0.78399		0.94799		0.48233	
	0.88398		0.7843		0.94809		0.48149	
	0.8841		0.78462		0.94818		0.48065	
	0.88423		0.78493		0.94828		0.47981	
	0.88435		0.78525		0.94838		0.47897	
	0.88448		0.78557		0.94847		0.47813	
	0.8846		0.78588		0.94857		0.4773	
	0.88473		0.7862		0.94867		0.47646	
	0.88485		0.78652		0.94876		0.47562	
	0.88497		0.78684		0.94886		0.47478	
	0.8851		0.78716		0.94895		0.47394	
	0.88522		0.78748		0.94905		0.4731	
	0.88534		0.7878		0.94914		0.47227	
	0.88547		0.78812		0.94924		0.47143	
	0.88559		0.78844		0.94933		0.47059	
	0.88571		0.78876		0.94943		0.46975	
	0.88583		0.78908		0.94952		0.46891	
	0.88595		0.7894		0.94961		0.46808	
	0.88607		0.78972		0.94971		0.46724	
	0.88619		0.79005		0.9498		0.4664	
	0.88631		0.79037		0.94989		0.46556	
	0.88643		0.79069		0.94999		0.46472	
	0.88655		0.79102		0.95008		0.46389	
	0.88667		0.79134		0.95017		0.46305	
	0.88679		0.79166		0.95026		0.46221	
	0.88691		0.79199		0.95036		0.46137	
	0.88703		0.79231		0.95045		0.46054	
	0.88715		0.79264		0.95054		0.4597	
	0.88727		0.79297		0.95063		0.45886	
	0.88739		0.79329		0.95072		0.45803	
	0.88751		0.79362		0.95081		0.45719	
	0.88763		0.79394		0.9509		0.45635	
	0.88774		0.79427		0.951		0.45551	
	0.88786		0.7946		0.95109		0.45468	
	0.88798		0.79492		0.95118		0.45384	
	0.8881		0.79525		0.95127		0.453	
	0.88821		0.79558		0.95136		0.45217	
	0.88833		0.79591		0.95145		0.45133	
	0.88845		0.79624		0.95154		0.45049	
	0.88857		0.79656		0.95163		0.44965	
	0.88868		0.79689		0.95172		0.44882	
	0.8888		0.79722		0.9518		0.44798	
	0.88892		0.79755		0.95189		0.44714	
	0.88903		0.79788		0.95198		0.44631	
	0.88915		0.79821		0.95207		0.44547	
	0.88927		0.79854		0.95216		0.44463	
	0.88938		0.79887		0.95225		0.4438	
	0.8895		0.7992		0.95234		0.44296	
	0.88961		0.79953		0.95243		0.44212	
	0.88973		0.79986		0.95251		0.44129	
	0.88985		0.8002		0.9526		0.44045	
	0.88996		0.80053		0.95269		0.43961	
	0.89008		0.80086		0.95278		0.43878	
	0.89019		0.80119		0.95286		0.43794	
	0.89031		0.80152		0.95295		0.4371	
	0.89042		0.80185		0.95304		0.43627	
	0.89054		0.80219		0.95313		0.43543	
	0.89066		0.80252		0.95321		0.43459	
	0.89077		0.80285		0.9533		0.43376	
	0.89089		0.80319		0.95339		0.43292	
	0.891		0.80352		0.95347		0.43208	
	0.89112		0.80385		0.95356		0.43124	
	0.89123		0.80419		0.95365		0.43041	
	0.89135		0.80452		0.95373		0.42957	
	0.89146		0.80485		0.95382		0.42873	
	0.89158		0.80519		0.95391		0.4279	
	0.89169		0.80552		0.95399		0.42706	
	0.89181		0.80586		0.95408		0.42622	
	0.89192		0.80619		0.95417		0.42539	
	0.89204		0.80653		0.95425		0.42455	
	0.89216		0.80686		0.95434		0.42371	
	0.89227		0.8072		0.95442		0.42288	
	0.89239		0.80753		0.95451		0.42204	
	0.8925		0.80787		0.95459		0.4212	
	0.89262		0.8082		0.95468		0.42037	
	0.89273		0.80854		0.95476		0.41953	
	0.89285		0.80887		0.95485		0.41869	
	0.89296		0.80921		0.95493		0.41785	
	0.89308		0.80955		0.95502		0.41702	
	0.89319		0.80988		0.9551		0.41618	
	0.89331		0.81022		0.95519		0.41534	
	0.89343		0.81055		0.95527		0.41451	
	0.89354		0.81089		0.95536		0.41367	
	0.89366		0.81123		0.95544		0.41283	
	0.89377		0.81156		0.95553		0.41199	
	0.89389		0.8119		0.95561		0.41116	
	0.894		0.81224		0.9557		0.41032	
	0.89412		0.81258		0.95578		0.40948	
	0.89424		0.81291		0.95587		0.40864	
	0.89435		0.81325		0.95595		0.40781	
	0.89447		0.81359		0.95604		0.40697	
	0.89458		0.81393		0.95612		0.40613	
	0.8947		0.81426		0.9562		0.4053	
	0.89482		0.8146		0.95629		0.40446	
	0.89493		0.81494		0.95637		0.40362	
	0.89505		0.81528		0.95646		0.40278	
	0.89517		0.81562		0.95654		0.40194	
	0.89528		0.81596		0.95662		0.40111	
	0.8954		0.81629		0.95671		0.40027	
	0.89552		0.81663		0.95679		0.39943	
	0.89564		0.81697		0.95687		0.39859	
	0.89575		0.81731		0.95696		0.39776	
	0.89587		0.81765		0.95704		0.39692	
	0.89599		0.81799		0.95712		0.39608	
	0.89611		0.81833		0.95721		0.39524	
	0.89622		0.81867		0.95729		0.3944	
	0.89634		0.81901		0.95738		0.39357	
	0.89646		0.81935		0.95746		0.39273	
	0.89658		0.81969		0.95754		0.39189	
	0.8967		0.82003		0.95763		0.39105	
	0.89681		0.82037		0.95771		0.39021	
	0.89693		0.82071		0.95779		0.38938	
	0.89705		0.82105		0.95787		0.38854	
	0.89717		0.82139		0.95796		0.3877	
	0.89729		0.82173		0.95804		0.38686	
	0.89741		0.82207		0.95812		0.38602	
	0.89753		0.82241		0.95821		0.38518	
	0.89765		0.82275		0.95829		0.38435	
	0.89777		0.82309		0.95837		0.38351	
	0.89789		0.82343		0.95846		0.38267	
	0.89801		0.82377		0.95854		0.38183	
	0.89813		0.82411		0.95862		0.38099	
	0.89825		0.82445		0.9587		0.38015	
	0.89837		0.82479		0.95879		0.37931	
	0.89849		0.82513		0.95887		0.37847	
	0.89861		0.82548		0.95895		0.37764	
	0.89873		0.82582		0.95903		0.3768	
	0.89885		0.82616		0.95912		0.37596	
	0.89897		0.8265		0.9592		0.37512	
	0.89909		0.82684		0.95928		0.37428	
	0.89922		0.82718		0.95936		0.37344	
	0.89934		0.82753		0.95945		0.3726	
	0.89946		0.82787		0.95953		0.37176	
	0.89958		0.82821		0.95961		0.37092	
	0.8997		0.82855		0.95969		0.37008	
	0.89983		0.82889		0.95978		0.36924	
	0.89995		0.82924		0.95986		0.3684	
	0.90007		0.82958		0.95994		0.36756	
	0.9002		0.82992		0.96002		0.36673	
	0.90032		0.83026		0.96011		0.36589	
	0.90044		0.83061		0.96019		0.36505	
	0.90057		0.83095		0.96027		0.36421	
	0.90069		0.83129		0.96035		0.36337	
	0.90082		0.83163		0.96044		0.36253	
	0.90094		0.83198		0.96052		0.36169	
	0.90107		0.83232		0.9606		0.36085	
	0.90119		0.83266		0.96068		0.36001	
	0.90132		0.83301		0.96077		0.35917	
	0.90144		0.83335		0.96085		0.35833	
	0.90157		0.83369		0.96093		0.35749	
	0.90169		0.83404		0.96101		0.35665	
	0.90182		0.83438		0.96109		0.35581	
	0.90195		0.83472		0.96118		0.35497	
	0.90207		0.83507		0.96126		0.35413	
	0.9022		0.83541		0.96134		0.35329	
	0.90233		0.83575		0.96142		0.35245	
	0.90245		0.8361		0.96151		0.35161	
	0.90258		0.83644		0.96159		0.35076	
	0.90271		0.83679		0.96167		0.34992	
	0.90284		0.83713		0.96175		0.34908	
	0.90297		0.83747		0.96184		0.34824	
	0.9031		0.83782		0.96192		0.3474	
	0.90322		0.83816		0.962		0.34656	
	0.90335		0.83851		0.96208		0.34572	
	0.90348		0.83885		0.96216		0.34488	
	0.90361		0.8392		0.96225		0.34404	
	0.90374		0.83954		0.96233		0.3432	
	0.90387		0.83989		0.96241		0.34236	
	0.904		0.84023		0.96249		0.34152	
	0.90413		0.84058		0.96258		0.34067	
	0.90427		0.84092		0.96266		0.33983	
	0.9044		0.84127		0.96274		0.33899	
	0.90453		0.84161		0.96282		0.33815	
	0.90466		0.84196		0.9629		0.33731	
	0.90479		0.8423		0.96299		0.33647	
	0.90492		0.84265		0.96307		0.33563	
	0.90506		0.84299		0.96315		0.33479	
	0.90519		0.84334		0.96323		0.33394	
	0.90532		0.84369		0.96332		0.3331	
	0.90546		0.84403		0.9634		0.33226	
	0.90559		0.84438		0.96348		0.33142	
	0.90573		0.84472		0.96356		0.33058	
	0.90586		0.84507		0.96364		0.32974	
	0.90599		0.84542		0.96373		0.32889	
	0.90613		0.84576		0.96381		0.32805	
	0.90627		0.84611		0.96389		0.32721	
	0.9064		0.84646		0.96397		0.32637	
	0.90654		0.8468		0.96406		0.32553	
	0.90667		0.84715		0.96414		0.32468	
	0.90681		0.8475		0.96422		0.32384	
	0.90695		0.84784		0.9643		0.323	
	0.90708		0.84819		0.96439		0.32216	
	0.90722		0.84854		0.96447		0.32132	
	0.90736		0.84888		0.96455		0.32047	
	0.9075		0.84923		0.96463		0.31963	
	0.90764		0.84958		0.96472		0.31879	
	0.90778		0.84993		0.9648		0.31795	
	0.90791		0.85027		0.96488		0.31711	
	0.90805		0.85062		0.96496		0.31626	
	0.90819		0.85097		0.96505		0.31542	
	0.90833		0.85132		0.96513		0.31458	
	0.90847		0.85167		0.96521		0.31374	
	0.90862		0.85201		0.96529		0.31289	
	0.90876		0.85236		0.96538		0.31205	
	0.9089		0.85271		0.96546		0.31121	
	0.90904		0.85306		0.96554		0.31036	
	0.90918		0.85341		0.96563		0.30952	
	0.90932		0.85376		0.96571		0.30868	
	0.90947		0.8541		0.96579		0.30784	
	0.90961		0.85445		0.96587		0.30699	
	0.90975		0.8548		0.96596		0.30615	
	0.9099		0.85515		0.96604		0.30531	
	0.91004		0.8555		0.96612		0.30447	
	0.91019		0.85585		0.9662		0.30362	
	0.91033		0.8562		0.96629		0.30278	
	0.91048		0.85655		0.96637		0.30194	
	0.91062		0.8569		0.96645		0.30109	
	0.91077		0.85725		0.96654		0.30025	
	0.91091		0.8576		0.96662		0.29941	
	0.91106		0.85795		0.9667		0.29856	
	0.91121		0.8583		0.96679		0.29772	
	0.91136		0.85865		0.96687		0.29688	
	0.9115		0.859		0.96695		0.29603	
	0.91165		0.85935		0.96704		0.29519	
	0.9118		0.8597		0.96712		0.29435	
	0.91195		0.86005		0.9672		0.2935	
	0.9121		0.8604		0.96728		0.29266	
	0.91225		0.86075		0.96737		0.29182	
	0.9124		0.8611		0.96745		0.29097	
	0.91255		0.86145		0.96753		0.29013	
	0.9127		0.8618		0.96762		0.28929	
	0.91285		0.86215		0.9677		0.28844	
	0.913		0.86251		0.96778		0.2876	
	0.91315		0.86286		0.96787		0.28676	
	0.91331		0.86321		0.96795		0.28591	
	0.91346		0.86356		0.96804		0.28507	
	0.91361		0.86391		0.96812		0.28423	
	0.91377		0.86427		0.9682		0.28338	
	0.91392		0.86462		0.96829		0.28254	
	0.91407		0.86497		0.96837		0.2817	
	0.91423		0.86532		0.96845		0.28085	
	0.91438		0.86567		0.96854		0.28001	
	0.91454		0.86603		0.96862		0.27917	
	0.9147		0.86638		0.9687		0.27832	
	0.91485		0.86673		0.96879		0.27748	
	0.91501		0.86709		0.96887		0.27663	
	0.91517		0.86744		0.96896		0.27579	
	0.91532		0.86779		0.96904		0.27495	
	0.91548		0.86815		0.96912		0.2741	
	0.91564		0.8685		0.96921		0.27326	
	0.9158		0.86885		0.96929		0.27242	
	0.91596		0.86921		0.96938		0.27157	
	0.91612		0.86956		0.96946		0.27073	
	0.91628		0.86991		0.96954		0.26988	
	0.91644		0.87027		0.96963		0.26904	
	0.9166		0.87062		0.96971		0.2682	
	0.91676		0.87098		0.9698		0.26735	
	0.91692		0.87133		0.96988		0.26651	
	0.91708		0.87169		0.96996		0.26567	
	0.91725		0.87204		0.97005		0.26482	
	0.91741		0.8724		0.97013		0.26398	
	0.91757		0.87275		0.97022		0.26313	
	0.91774		0.87311		0.9703		0.26229	
	0.9179		0.87346		0.97039		0.26145	
	0.91806		0.87382		0.97047		0.2606	
	0.91823		0.87418		0.97056		0.25976	
	0.9184		0.87453		0.97064		0.25892	
	0.91856		0.87489		0.97073		0.25807	
	0.91873		0.87524		0.97081		0.25723	
	0.91889		0.8756		0.97089		0.25638	
	0.91906		0.87596		0.97098		0.25554	
	0.91923		0.87631		0.97106		0.2547	
	0.9194		0.87667		0.97115		0.25385	
	0.91957		0.87703		0.97123		0.25301	
	0.91974		0.87738		0.97132		0.25217	
	0.91991		0.87774		0.9714		0.25132	
	0.92007		0.8781		0.97149		0.25048	
	0.92025		0.87846		0.97157		0.24964	
	0.92042		0.87882		0.97166		0.24879	
	0.92059		0.87917		0.97174		0.24795	
	0.92076		0.87953		0.97183		0.2471	
	0.92093		0.87989		0.97191		0.24626	
	0.9211		0.88025		0.972		0.24542	
	0.92128		0.88061		0.97209		0.24457	
	0.92145		0.88097		0.97217		0.24373	
	0.92163		0.88132		0.97226		0.24289	
	0.9218		0.88168		0.97234		0.24204	
	0.92197		0.88204		0.97243		0.2412	
	0.92215		0.8824		0.97251		0.24036	
	0.92233		0.88276		0.9726		0.23951	
	0.9225		0.88312		0.97268		0.23867	
	0.92268		0.88348		0.97277		0.23783	
	0.92286		0.88384		0.97286		0.23698	
	0.92303		0.8842		0.97294		0.23614	
	0.92321		0.88456		0.97303		0.2353	
	0.92339		0.88492		0.97311		0.23445	
	0.92357		0.88529		0.9732		0.23361	
	0.92375		0.88565		0.97328		0.23277	
	0.92393		0.88601		0.97337		0.23192	
	0.92411		0.88637		0.97346		0.23108	
	0.92429		0.88673		0.97354		0.23024	
	0.92448		0.88709		0.97363		0.2294	
	0.92466		0.88745		0.97372		0.22855	
	0.92484		0.88782		0.9738		0.22771	
	0.92502		0.88818		0.97389		0.22687	
	0.92521		0.88854		0.97397		0.22602	
	0.92539		0.8889		0.97406		0.22518	
	0.92558		0.88927		0.97415		0.22434	
	0.92576		0.88963		0.97423		0.2235	
	0.92595		0.88999		0.97432		0.22265	
	0.92613		0.89036		0.97441		0.22181	
	0.92632		0.89072		0.97449		0.22097	
	0.92651		0.89109		0.97458		0.22013	
	0.92669		0.89145		0.97467		0.21928	
	0.92688		0.89181		0.97475		0.21844	
	0.92707		0.89218		0.97484		0.2176	
	0.92726		0.89254		0.97493		0.21676	
	0.92745		0.89291		0.97501		0.21592	
	0.92764		0.89327		0.9751		0.21507	
	0.92783		0.89364		0.97519		0.21423	
	0.92802		0.894		0.97527		0.21339	
	0.92821		0.89437		0.97536		0.21255	
	0.92841		0.89474		0.97545		0.21171	
	0.9286		0.8951		0.97554		0.21086	
	0.92879		0.89547		0.97562		0.21002	
	0.92899		0.89583		0.97571		0.20918	
	0.92918		0.8962		0.9758		0.20834	
	0.92938		0.89657		0.97589		0.2075	
	0.92957		0.89694		0.97597		0.20666	
	0.92977		0.8973		0.97606		0.20582	
	0.92996		0.89767		0.97615		0.20498	
	0.93016		0.89804		0.97624		0.20413	
	0.93036		0.89841		0.97632		0.20329	
	0.93056		0.89877		0.97641		0.20245	
	0.93076		0.89914		0.9765		0.20161	
	0.93096		0.89951		0.97659		0.20077	
	0.93115		0.89988		0.97668		0.19993	
	0.93136		0.90025		0.97676		0.19909	
	0.93156		0.90062		0.97685		0.19825	
	0.93176		0.90099		0.97694		0.19741	
	0.93196		0.90136		0.97703		0.19657	
	0.93216		0.90173		0.97712		0.19573	
	0.93236		0.9021		0.9772		0.19489	
	0.93257		0.90247		0.97729		0.19405	
	0.93277		0.90284		0.97738		0.19321	
	0.93298		0.90321		0.97747		0.19237	
	0.93318		0.90358		0.97756		0.19153	
	0.93339		0.90395		0.97765		0.19069	
	0.93359		0.90433		0.97773		0.18985	
	0.9338		0.9047		0.97782		0.18901	
	0.93401		0.90507		0.97791		0.18817	
	0.93422		0.90544		0.978		0.18733	
	0.93443		0.90581		0.97809		0.18649	
	0.93463		0.90619		0.97818		0.18565	
	0.93484		0.90656		0.97827		0.18481	
	0.93505		0.90693		0.97836		0.18398	
	0.93527		0.90731		0.97844		0.18314	
	0.93548		0.90768		0.97853		0.1823	
	0.93569		0.90806		0.97862		0.18146	
	0.9359		0.90843		0.97871		0.18062	
	0.93611		0.9088		0.9788		0.17978	
	0.93633		0.90918		0.97889		0.17895	
	0.93654		0.90955		0.97898		0.17811	
	0.93676		0.90993		0.97907		0.17727	
	0.93697		0.9103		0.97916		0.17643	
	0.93719		0.91068		0.97925		0.1756	
	0.9374		0.91106		0.97934		0.17476	
	0.93762		0.91143		0.97943		0.17392	
	0.93784		0.91181		0.97952		0.17308	
	0.93806		0.91219		0.97961		0.17225	
	0.93828		0.91256		0.9797		0.17141	
	0.9385		0.91294		0.97979		0.17057	
	0.93872		0.91332		0.97988		0.16974	
	0.93894		0.9137		0.97997		0.1689	
	0.93916		0.91407		0.98006		0.16807	
	0.93938		0.91445		0.98015		0.16723	
	0.9396		0.91483		0.98024		0.16639	
	0.93983		0.91521		0.98033		0.16556	
	0.94005		0.91559		0.98042		0.16472	
	0.94027		0.91597		0.98051		0.16389	
	0.9405		0.91635		0.9806		0.16305	
	0.94072		0.91673		0.98069		0.16222	
	0.94095		0.91711		0.98078		0.16138	
	0.94118		0.91749		0.98087		0.16055	
	0.9414		0.91787		0.98096		0.15971	
	0.94163		0.91825		0.98105		0.15888	
	0.94186		0.91863		0.98114		0.15804	
	0.94209		0.91901		0.98123		0.15721	
	0.94232		0.91939		0.98132		0.15638	
	0.94255		0.91978		0.98141		0.15554	
	0.94278		0.92016		0.9815		0.15471	
	0.94301		0.92054		0.98159		0.15388	
	0.94324		0.92092		0.98168		0.15304	
	0.94348		0.92131		0.98178		0.15221	
	0.94371		0.92169		0.98187		0.15138	
	0.94394		0.92207		0.98196		0.15055	
	0.94418		0.92246		0.98205		0.14971	
	0.94441		0.92284		0.98214		0.14888	
	0.94465		0.92323		0.98223		0.14805	
	0.94488		0.92361		0.98232		0.14722	
	0.94512		0.924		0.98241		0.14639	
	0.94536		0.92438		0.98251		0.14555	
	0.9456		0.92477		0.9826		0.14472	
	0.94584		0.92515		0.98269		0.14389	
	0.94608		0.92554		0.98278		0.14306	
	0.94632		0.92593		0.98287		0.14223	
	0.94656		0.92631		0.98296		0.1414	
	0.9468		0.9267		0.98306		0.14057	
	0.94704		0.92709		0.98315		0.13974	
	0.94728		0.92748		0.98324		0.13891	
	0.94753		0.92787		0.98333		0.13808	
	0.94777		0.92825		0.98342		0.13725	
	0.94802		0.92864		0.98352		0.13642	
	0.94826		0.92903		0.98361		0.13559	
	0.94851		0.92942		0.9837		0.13477	
	0.94875		0.92981		0.98379		0.13394	
	0.949		0.9302		0.98389		0.13311	
	0.94925		0.93059		0.98398		0.13228	
	0.9495		0.93098		0.98407		0.13145	
	0.94975		0.93137		0.98416		0.13063	
	0.95		0.93176		0.98426		0.1298	
	0.95025		0.93215		0.98435		0.12897	
	0.9505		0.93255		0.98444		0.12815	
	0.95075		0.93294		0.98453		0.12732	
	0.951		0.93333		0.98463		0.12649	
	0.95125		0.93372		0.98472		0.12567	
	0.95151		0.93411		0.98481		0.12484	
	0.95176		0.93451		0.9849		0.12402	
	0.95202		0.9349		0.985		0.12319	
	0.95227		0.9353		0.98509		0.12237	
	0.95253		0.93569		0.98518		0.12154	
	0.95279		0.93608		0.98528		0.12072	
	0.95304		0.93648		0.98537		0.11989	
	0.9533		0.93687		0.98546		0.11907	
	0.95356		0.93727		0.98556		0.11825	
	0.95382		0.93766		0.98565		0.11742	
	0.95408		0.93806		0.98574		0.1166	
	0.95434		0.93846		0.98584		0.11578	
	0.9546		0.93885		0.98593		0.11496	
	0.95487		0.93925		0.98602		0.11413	
	0.95513		0.93965		0.98612		0.11331	
	0.95539		0.94005		0.98621		0.11249	
	0.95566		0.94044		0.98631		0.11167	
	0.95592		0.94084		0.9864		0.11085	
	0.95619		0.94124		0.98649		0.11003	
	0.95645		0.94164		0.98659		0.10921	
	0.95672		0.94204		0.98668		0.10839	
	0.95699		0.94244		0.98678		0.10757	
	0.95726		0.94284		0.98687		0.10675	
	0.95753		0.94324		0.98696		0.10593	
	0.9578		0.94364		0.98706		0.10511	
	0.95807		0.94404		0.98715		0.10429	
	0.95834		0.94444		0.98725		0.10347	
	0.95861		0.94484		0.98734		0.10266	
	0.95888		0.94524		0.98744		0.10184	
	0.95915		0.94565		0.98753		0.10102	
	0.95943		0.94605		0.98762		0.1002	
	0.9597		0.94645		0.98772		0.09939	
	0.95998		0.94685		0.98781		0.09857	
	0.96025		0.94726		0.98791		0.09776	
	0.96053		0.94766		0.988		0.09694	
	0.96081		0.94807		0.9881		0.09613	
	0.96109		0.94847		0.98819		0.09531	
	0.96136		0.94888		0.98829		0.0945	
	0.96164		0.94928		0.98838		0.09368	
	0.96192		0.94969		0.98848		0.09287	
	0.9622		0.95009		0.98857		0.09205	
	0.96249		0.9505		0.98867		0.09124	
	0.96277		0.9509		0.98876		0.09043	
	0.96305		0.95131		0.98886		0.08962	
	0.96333		0.95172		0.98895		0.0888	
	0.96362		0.95213		0.98905		0.08799	
	0.9639		0.95253		0.98914		0.08718	
	0.96419		0.95294		0.98924		0.08637	
	0.96447		0.95335		0.98933		0.08556	
	0.96476		0.95376		0.98943		0.08475	
	0.96505		0.95417		0.98953		0.08394	
	0.96534		0.95458		0.98962		0.08313	
	0.96563		0.95499		0.98972		0.08232	
	0.96592		0.9554		0.98981		0.08151	
	0.96621		0.95581		0.98991		0.0807	
	0.9665		0.95622		0.99		0.0799	
	0.96679		0.95663		0.9901		0.07909	
	0.96708		0.95704		0.9902		0.07828	
	0.96738		0.95746		0.99029		0.07748	
	0.96767		0.95787		0.99039		0.07667	
	0.96796		0.95828		0.99048		0.07586	
	0.96826		0.95869		0.99058		0.07506	
	0.96856		0.95911		0.99068		0.07425	
	0.96885		0.95952		0.99077		0.07345	
	0.96915		0.95993		0.99087		0.07264	
	0.96945		0.96035		0.99097		0.07184	
	0.96975		0.96076		0.99106		0.07104	
	0.97005		0.96118		0.99116		0.07023	
	0.97035		0.96159		0.99125		0.06943	
	0.97065		0.96201		0.99135		0.06863	
	0.97095		0.96243		0.99145		0.06783	
	0.97125		0.96284		0.99154		0.06703	
	0.97156		0.96326		0.99164		0.06622	
	0.97186		0.96368		0.99174		0.06542	
	0.97217		0.96409		0.99183		0.06462	
	0.97247		0.96451		0.99193		0.06382	
	0.97278		0.96493		0.99203		0.06303	
	0.97308		0.96535		0.99213		0.06223	
	0.97339		0.96577		0.99222		0.06143	
	0.9737		0.96619		0.99232		0.06063	
	0.97401		0.96661		0.99242		0.05983	
	0.97432		0.96703		0.99251		0.05904	
	0.97463		0.96745		0.99261		0.05824	
	0.97494		0.96787		0.99271		0.05744	
	0.97525		0.96829		0.9928		0.05665	
	0.97557		0.96871		0.9929		0.05585	
	0.97588		0.96913		0.993		0.05506	
	0.97619		0.96956		0.9931		0.05426	
	0.97651		0.96998		0.99319		0.05347	
	0.97682		0.9704		0.99329		0.05268	
	0.97714		0.97082		0.99339		0.05189	
	0.97746		0.97125		0.99349		0.05109	
	0.97777		0.97167		0.99358		0.0503	
	0.97809		0.9721		0.99368		0.04951	
	0.97841		0.97252		0.99378		0.04872	
	0.97873		0.97295		0.99388		0.04793	
	0.97905		0.97337		0.99397		0.04714	
	0.97937		0.9738		0.99407		0.04635	
	0.9797		0.97422		0.99417		0.04556	
	0.98002		0.97465		0.99427		0.04477	
	0.98034		0.97508		0.99437		0.04399	
	0.98067		0.9755		0.99446		0.0432	
	0.98099		0.97593		0.99456		0.04241	
	0.98132		0.97636		0.99466		0.04163	
	0.98164		0.97679		0.99476		0.04084	
	0.98197		0.97722		0.99486		0.04006	
	0.9823		0.97764		0.99495		0.03927	
	0.98263		0.97807		0.99505		0.03849	
	0.98296		0.9785		0.99515		0.0377	
	0.98329		0.97893		0.99525		0.03692	
	0.98362		0.97936		0.99535		0.03614	
	0.98395		0.97979		0.99544		0.03536	
	0.98428		0.98023		0.99554		0.03457	
	0.98461		0.98066		0.99564		0.03379	
	0.98495		0.98109		0.99574		0.03301	
	0.98528		0.98152		0.99584		0.03223	
	0.98562		0.98195		0.99594		0.03145	
	0.98595		0.98239		0.99603		0.03068	
	0.98629		0.98282		0.99613		0.0299	
	0.98663		0.98325		0.99623		0.02912	
	0.98697		0.98369		0.99633		0.02834	
	0.98731		0.98412		0.99643		0.02757	
	0.98764		0.98456		0.99653		0.02679	
	0.98799		0.98499		0.99663		0.02602	
	0.98833		0.98543		0.99672		0.02524	
	0.98867		0.98586		0.99682		0.02447	
	0.98901		0.9863		0.99692		0.02369	
	0.98935		0.98674		0.99702		0.02292	
	0.9897		0.98717		0.99712		0.02215	
	0.99004		0.98761		0.99722		0.02138	
	0.99039		0.98805		0.99732		0.02061	
	0.99073		0.98848		0.99742		0.01983	
	0.99108		0.98892		0.99752		0.01906	
	0.99143		0.98936		0.99761		0.0183	
	0.99178		0.9898		0.99771		0.01753	
	0.99213		0.99024		0.99781		0.01676	
	0.99248		0.99068		0.99791		0.01599	
	0.99283		0.99112		0.99801		0.01522	
	0.99318		0.99156		0.99811		0.01446	
	0.99353		0.992		0.99821		0.01369	
	0.99388		0.99244		0.99831		0.01293	
	0.99424		0.99288		0.99841		0.01216	
	0.99459		0.99332		0.99851		0.0114	
	0.99495		0.99377		0.99861		0.01063	
	0.9953		0.99421		0.99871		0.00987	
	0.99566		0.99465		0.9988		0.00911	
	0.99602		0.99509		0.9989		0.00835	
	0.99637		0.99554		0.999		0.00759	
	0.99673		0.99598		0.9991		0.00683	
	0.99709		0.99643		0.9992		0.00607	
	0.99745		0.99687		0.9993		0.00531	
	0.99781		0.99732		0.9994		0.00455	
	0.99817		0.99776		0.9995		0.00379	
	0.99854		0.99821		0.9996		0.00303	
	0.9989		0.99865		0.9997		0.00228	
	0.99926		0.9991		0.9998		0.00152	
	0.99963		0.99955		0.9999		0.00077	
	0.99996		0.99995		0.99999		0.00009	
								
