	0.0019		0.99417		0.99585		0.99342
	0.0028		0.99417		0.99585		0.99342
	0.0037		0.99417		0.99585		0.99341
	0.0046		0.99417		0.99585		0.99341
	0.0055		0.99417		0.99585		0.9934
	0.0064		0.99416		0.99585		0.9934
	0.0073		0.99416		0.99585		0.99339
	0.0082		0.99416		0.99585		0.99339
	0.0091		0.99416		0.99585		0.99339
	0.01		0.99415		0.99585		0.99338
	0.0109		0.99415		0.99585		0.99338
	0.0118		0.99415		0.99585		0.99337
	0.0127		0.99415		0.99585		0.99337
	0.0136		0.99415		0.99585		0.99336
	0.0145		0.99414		0.99585		0.99336
	0.0154		0.99414		0.99584		0.99336
	0.0163		0.99414		0.99584		0.99335
	0.0172		0.99414		0.99584		0.99335
	0.0181		0.99413		0.99584		0.99334
	0.019		0.99413		0.99584		0.99334
	0.0199		0.99413		0.99584		0.99333
	0.0208		0.99413		0.99584		0.99333
	0.0217		0.99412		0.99584		0.99332
	0.0226		0.99412		0.99584		0.99332
	0.0235		0.99412		0.99584		0.99331
	0.0244		0.99412		0.99584		0.99331
	0.0253		0.99412		0.99584		0.99331
	0.0262		0.99411		0.99584		0.9933
	0.0271		0.99411		0.99584		0.9933
	0.028		0.99411		0.99584		0.99329
	0.0289		0.99411		0.99584		0.99329
	0.0298		0.9941		0.99584		0.99328
	0.0307		0.9941		0.99584		0.99328
	0.0316		0.9941		0.99584		0.99327
	0.0325		0.9941		0.99584		0.99327
	0.0334		0.99409		0.99584		0.99326
	0.0343		0.99409		0.99584		0.99326
	0.0352		0.99409		0.99584		0.99325
	0.0361		0.99409		0.99583		0.99325
	0.037		0.99408		0.99583		0.99324
	0.0379		0.99408		0.99583		0.99324
	0.0388		0.99408		0.99583		0.99323
	0.0397		0.99408		0.99583		0.99323
	0.0406		0.99407		0.99583		0.99322
	0.0415		0.99407		0.99583		0.99322
	0.0424		0.99407		0.99583		0.99321
	0.0433		0.99407		0.99583		0.99321
	0.0442		0.99406		0.99583		0.9932
	0.0451		0.99406		0.99583		0.9932
	0.046		0.99406		0.99583		0.99319
	0.0469		0.99406		0.99583		0.99319
	0.0478		0.99405		0.99583		0.99318
	0.0487		0.99405		0.99583		0.99318
	0.0496		0.99405		0.99583		0.99317
	0.0505		0.99405		0.99583		0.99317
	0.0514		0.99404		0.99583		0.99316
	0.0523		0.99404		0.99583		0.99316
	0.0532		0.99404		0.99583		0.99315
	0.0541		0.99404		0.99583		0.99315
	0.055		0.99403		0.99582		0.99314
	0.0559		0.99403		0.99582		0.99314
	0.0568		0.99403		0.99582		0.99313
	0.0577		0.99403		0.99582		0.99313
	0.0586		0.99402		0.99582		0.99312
	0.0595		0.99402		0.99582		0.99312
	0.0604		0.99402		0.99582		0.99311
	0.0613		0.99401		0.99582		0.99311
	0.0622		0.99401		0.99582		0.9931
	0.0631		0.99401		0.99582		0.99309
	0.064		0.99401		0.99582		0.99309
	0.0649		0.994		0.99582		0.99308
	0.0658		0.994		0.99582		0.99308
	0.0667		0.994		0.99582		0.99307
	0.0676		0.994		0.99582		0.99307
	0.0685		0.99399		0.99582		0.99306
	0.0694		0.99399		0.99582		0.99306
	0.0703		0.99399		0.99582		0.99305
	0.0712		0.99399		0.99582		0.99304
	0.0721		0.99398		0.99582		0.99304
	0.073		0.99398		0.99582		0.99303
	0.0739		0.99398		0.99581		0.99303
	0.0748		0.99397		0.99581		0.99302
	0.0757		0.99397		0.99581		0.99302
	0.0766		0.99397		0.99581		0.99301
	0.0775		0.99397		0.99581		0.993
	0.0784		0.99396		0.99581		0.993
	0.0793		0.99396		0.99581		0.99299
	0.0802		0.99396		0.99581		0.99299
	0.0811		0.99395		0.99581		0.99298
	0.082		0.99395		0.99581		0.99298
	0.0829		0.99395		0.99581		0.99297
	0.0838		0.99395		0.99581		0.99296
	0.0847		0.99394		0.99581		0.99296
	0.0856		0.99394		0.99581		0.99295
	0.0865		0.99394		0.99581		0.99295
	0.0874		0.99393		0.99581		0.99294
	0.0883		0.99393		0.99581		0.99293
	0.0892		0.99393		0.99581		0.99293
	0.0901		0.99392		0.99581		0.99292
	0.091		0.99392		0.99581		0.99291
	0.0919		0.99392		0.9958		0.99291
	0.0928		0.99392		0.9958		0.9929
	0.0937		0.99391		0.9958		0.9929
	0.0946		0.99391		0.9958		0.99289
	0.0955		0.99391		0.9958		0.99288
	0.0964		0.9939		0.9958		0.99288
	0.0973		0.9939		0.9958		0.99287
	0.0982		0.9939		0.9958		0.99286
	0.0991		0.99389		0.9958		0.99286
	0.1		0.99389		0.9958		0.99285
	0.1009		0.99389		0.9958		0.99284
	0.1018		0.99389		0.9958		0.99284
	0.1027		0.99388		0.9958		0.99283
	0.1036		0.99388		0.9958		0.99283
	0.1045		0.99388		0.9958		0.99282
	0.1054		0.99387		0.9958		0.99281
	0.1063		0.99387		0.9958		0.99281
	0.1072		0.99387		0.9958		0.9928
	0.1081		0.99386		0.9958		0.99279
	0.109		0.99386		0.99579		0.99279
	0.1099		0.99386		0.99579		0.99278
	0.1108		0.99385		0.99579		0.99277
	0.1117		0.99385		0.99579		0.99277
	0.1126		0.99385		0.99579		0.99276
	0.1135		0.99384		0.99579		0.99275
	0.1144		0.99384		0.99579		0.99274
	0.1153		0.99384		0.99579		0.99274
	0.11619		0.99383		0.99579		0.99273
	0.11709		0.99383		0.99579		0.99272
	0.11799		0.99383		0.99579		0.99272
	0.11889		0.99382		0.99579		0.99271
	0.11979		0.99382		0.99579		0.9927
	0.12069		0.99382		0.99579		0.9927
	0.12159		0.99381		0.99579		0.99269
	0.12249		0.99381		0.99579		0.99268
	0.12339		0.99381		0.99579		0.99267
	0.12429		0.9938		0.99579		0.99267
	0.12519		0.9938		0.99578		0.99266
	0.12609		0.9938		0.99578		0.99265
	0.12699		0.99379		0.99578		0.99264
	0.12789		0.99379		0.99578		0.99264
	0.12879		0.99379		0.99578		0.99263
	0.12969		0.99378		0.99578		0.99262
	0.13059		0.99378		0.99578		0.99261
	0.13149		0.99378		0.99578		0.99261
	0.13239		0.99377		0.99578		0.9926
	0.13329		0.99377		0.99578		0.99259
	0.13419		0.99377		0.99578		0.99258
	0.13509		0.99376		0.99578		0.99258
	0.13599		0.99376		0.99578		0.99257
	0.13689		0.99376		0.99578		0.99256
	0.13779		0.99375		0.99578		0.99255
	0.13869		0.99375		0.99578		0.99255
	0.13959		0.99374		0.99578		0.99254
	0.14049		0.99374		0.99577		0.99253
	0.14139		0.99374		0.99577		0.99252
	0.14229		0.99373		0.99577		0.99251
	0.14319		0.99373		0.99577		0.99251
	0.14409		0.99373		0.99577		0.9925
	0.14499		0.99372		0.99577		0.99249
	0.14589		0.99372		0.99577		0.99248
	0.14679		0.99372		0.99577		0.99247
	0.14769		0.99371		0.99577		0.99247
	0.14859		0.99371		0.99577		0.99246
	0.14949		0.9937		0.99577		0.99245
	0.15039		0.9937		0.99577		0.99244
	0.15129		0.9937		0.99577		0.99243
	0.15219		0.99369		0.99577		0.99242
	0.15309		0.99369		0.99577		0.99242
	0.15399		0.99369		0.99577		0.99241
	0.15489		0.99368		0.99577		0.9924
	0.15579		0.99368		0.99576		0.99239
	0.15669		0.99367		0.99576		0.99238
	0.15759		0.99367		0.99576		0.99237
	0.15849		0.99367		0.99576		0.99237
	0.15939		0.99366		0.99576		0.99236
	0.16029		0.99366		0.99576		0.99235
	0.16119		0.99365		0.99576		0.99234
	0.16209		0.99365		0.99576		0.99233
	0.16299		0.99365		0.99576		0.99232
	0.16389		0.99364		0.99576		0.99231
	0.16479		0.99364		0.99576		0.9923
	0.16569		0.99363		0.99576		0.99229
	0.16659		0.99363		0.99576		0.99229
	0.16749		0.99363		0.99576		0.99228
	0.16839		0.99362		0.99576		0.99227
	0.16929		0.99362		0.99576		0.99226
	0.17019		0.99361		0.99575		0.99225
	0.17109		0.99361		0.99575		0.99224
	0.17199		0.99361		0.99575		0.99223
	0.17289		0.9936		0.99575		0.99222
	0.17379		0.9936		0.99575		0.99221
	0.17469		0.99359		0.99575		0.9922
	0.17559		0.99359		0.99575		0.99219
	0.17649		0.99358		0.99575		0.99218
	0.17739		0.99358		0.99575		0.99217
	0.17829		0.99358		0.99575		0.99216
	0.17919		0.99357		0.99575		0.99215
	0.18009		0.99357		0.99575		0.99214
	0.18099		0.99356		0.99575		0.99213
	0.18189		0.99356		0.99575		0.99212
	0.18279		0.99355		0.99575		0.99211
	0.18369		0.99355		0.99574		0.9921
	0.18459		0.99355		0.99574		0.9921
	0.18549		0.99354		0.99574		0.99208
	0.18639		0.99354		0.99574		0.99207
	0.18729		0.99353		0.99574		0.99206
	0.18819		0.99353		0.99574		0.99205
	0.18909		0.99352		0.99574		0.99204
	0.18999		0.99352		0.99574		0.99203
	0.19089		0.99351		0.99574		0.99202
	0.19179		0.99351		0.99574		0.99201
	0.19269		0.99351		0.99574		0.992
	0.19359		0.9935		0.99574		0.99199
	0.19449		0.9935		0.99574		0.99198
	0.19539		0.99349		0.99574		0.99197
	0.19629		0.99349		0.99574		0.99196
	0.19719		0.99348		0.99573		0.99195
	0.19809		0.99348		0.99573		0.99194
	0.19899		0.99347		0.99573		0.99193
	0.19989		0.99347		0.99573		0.99192
	0.20079		0.99346		0.99573		0.99191
	0.20169		0.99346		0.99573		0.9919
	0.20259		0.99345		0.99573		0.99188
	0.20349		0.99345		0.99573		0.99187
	0.20439		0.99344		0.99573		0.99186
	0.20529		0.99344		0.99573		0.99185
	0.20619		0.99344		0.99573		0.99184
	0.20709		0.99343		0.99573		0.99183
	0.20799		0.99343		0.99573		0.99182
	0.20889		0.99342		0.99573		0.99181
	0.20979		0.99342		0.99572		0.99179
	0.21069		0.99341		0.99572		0.99178
	0.21159		0.99341		0.99572		0.99177
	0.21249		0.9934		0.99572		0.99176
	0.21339		0.9934		0.99572		0.99175
	0.21429		0.99339		0.99572		0.99173
	0.21519		0.99339		0.99572		0.99172
	0.21608		0.99338		0.99572		0.99171
	0.21698		0.99338		0.99572		0.9917
	0.21788		0.99337		0.99572		0.99169
	0.21878		0.99336		0.99572		0.99167
	0.21968		0.99336		0.99572		0.99166
	0.22058		0.99335		0.99572		0.99165
	0.22148		0.99335		0.99572		0.99164
	0.22238		0.99334		0.99571		0.99162
	0.22328		0.99334		0.99571		0.99161
	0.22418		0.99333		0.99571		0.9916
	0.22508		0.99333		0.99571		0.99159
	0.22598		0.99332		0.99571		0.99157
	0.22688		0.99332		0.99571		0.99156
	0.22778		0.99331		0.99571		0.99155
	0.22868		0.99331		0.99571		0.99154
	0.22958		0.9933		0.99571		0.99152
	0.23048		0.9933		0.99571		0.99151
	0.23138		0.99329		0.99571		0.9915
	0.23228		0.99328		0.99571		0.99148
	0.23318		0.99328		0.99571		0.99147
	0.23408		0.99327		0.9957		0.99146
	0.23498		0.99327		0.9957		0.99144
	0.23588		0.99326		0.9957		0.99143
	0.23678		0.99326		0.9957		0.99142
	0.23768		0.99325		0.9957		0.9914
	0.23858		0.99325		0.9957		0.99139
	0.23948		0.99324		0.9957		0.99137
	0.24038		0.99323		0.9957		0.99136
	0.24128		0.99323		0.9957		0.99135
	0.24218		0.99322		0.9957		0.99133
	0.24308		0.99322		0.9957		0.99132
	0.24398		0.99321		0.9957		0.9913
	0.24488		0.9932		0.9957		0.99129
	0.24578		0.9932		0.99569		0.99127
	0.24668		0.99319		0.99569		0.99126
	0.24758		0.99319		0.99569		0.99125
	0.24848		0.99318		0.99569		0.99123
	0.24938		0.99318		0.99569		0.99122
	0.25028		0.99317		0.99569		0.9912
	0.25118		0.99316		0.99569		0.99119
	0.25208		0.99316		0.99569		0.99117
	0.25298		0.99315		0.99569		0.99116
	0.25388		0.99314		0.99569		0.99114
	0.25478		0.99314		0.99569		0.99113
	0.25568		0.99313		0.99569		0.99111
	0.25658		0.99313		0.99569		0.99109
	0.25748		0.99312		0.99568		0.99108
	0.25838		0.99311		0.99568		0.99106
	0.25928		0.99311		0.99568		0.99105
	0.26018		0.9931		0.99568		0.99103
	0.26108		0.99309		0.99568		0.99102
	0.26198		0.99309		0.99568		0.991
	0.26288		0.99308		0.99568		0.99098
	0.26378		0.99307		0.99568		0.99097
	0.26468		0.99307		0.99568		0.99095
	0.26558		0.99306		0.99568		0.99093
	0.26647		0.99306		0.99568		0.99092
	0.26737		0.99305		0.99568		0.9909
	0.26827		0.99304		0.99567		0.99088
	0.26917		0.99304		0.99567		0.99087
	0.27007		0.99303		0.99567		0.99085
	0.27097		0.99302		0.99567		0.99083
	0.27187		0.99301		0.99567		0.99082
	0.27277		0.99301		0.99567		0.9908
	0.27367		0.993		0.99567		0.99078
	0.27457		0.99299		0.99567		0.99076
	0.27547		0.99299		0.99567		0.99075
	0.27637		0.99298		0.99567		0.99073
	0.27727		0.99297		0.99567		0.99071
	0.27817		0.99297		0.99566		0.99069
	0.27907		0.99296		0.99566		0.99067
	0.27997		0.99295		0.99566		0.99066
	0.28087		0.99294		0.99566		0.99064
	0.28177		0.99294		0.99566		0.99062
	0.28267		0.99293		0.99566		0.9906
	0.28357		0.99292		0.99566		0.99058
	0.28447		0.99292		0.99566		0.99056
	0.28537		0.99291		0.99566		0.99054
	0.28627		0.9929		0.99566		0.99052
	0.28717		0.99289		0.99566		0.99051
	0.28807		0.99289		0.99566		0.99049
	0.28897		0.99288		0.99565		0.99047
	0.28987		0.99287		0.99565		0.99045
	0.29077		0.99286		0.99565		0.99043
	0.29167		0.99286		0.99565		0.99041
	0.29257		0.99285		0.99565		0.99039
	0.29347		0.99284		0.99565		0.99037
	0.29437		0.99283		0.99565		0.99035
	0.29527		0.99282		0.99565		0.99033
	0.29617		0.99282		0.99565		0.99031
	0.29707		0.99281		0.99565		0.99029
	0.29797		0.9928		0.99565		0.99027
	0.29886		0.99279		0.99564		0.99024
	0.29976		0.99279		0.99564		0.99022
	0.30066		0.99278		0.99564		0.9902
	0.30156		0.99277		0.99564		0.99018
	0.30246		0.99276		0.99564		0.99016
	0.30336		0.99275		0.99564		0.99014
	0.30426		0.99274		0.99564		0.99012
	0.30516		0.99274		0.99564		0.99009
	0.30606		0.99273		0.99564		0.99007
	0.30696		0.99272		0.99564		0.99005
	0.30786		0.99271		0.99563		0.99003
	0.30876		0.9927		0.99563		0.99001
	0.30966		0.99269		0.99563		0.98998
	0.31056		0.99269		0.99563		0.98996
	0.31146		0.99268		0.99563		0.98994
	0.31236		0.99267		0.99563		0.98991
	0.31326		0.99266		0.99563		0.98989
	0.31416		0.99265		0.99563		0.98987
	0.31506		0.99264		0.99563		0.98984
	0.31596		0.99263		0.99563		0.98982
	0.31686		0.99262		0.99563		0.9898
	0.31776		0.99262		0.99562		0.98977
	0.31866		0.99261		0.99562		0.98975
	0.31956		0.9926		0.99562		0.98972
	0.32046		0.99259		0.99562		0.9897
	0.32136		0.99258		0.99562		0.98967
	0.32225		0.99257		0.99562		0.98965
	0.32315		0.99256		0.99562		0.98962
	0.32405		0.99255		0.99562		0.9896
	0.32495		0.99254		0.99562		0.98957
	0.32585		0.99253		0.99562		0.98955
	0.32675		0.99252		0.99561		0.98952
	0.32765		0.99251		0.99561		0.9895
	0.32855		0.9925		0.99561		0.98947
	0.32945		0.99249		0.99561		0.98944
	0.33035		0.99249		0.99561		0.98942
	0.33125		0.99248		0.99561		0.98939
	0.33215		0.99247		0.99561		0.98936
	0.33305		0.99246		0.99561		0.98934
	0.33395		0.99245		0.99561		0.98931
	0.33485		0.99244		0.99561		0.98928
	0.33575		0.99243		0.9956		0.98925
	0.33665		0.99242		0.9956		0.98923
	0.33755		0.99241		0.9956		0.9892
	0.33845		0.9924		0.9956		0.98917
	0.33935		0.99239		0.9956		0.98914
	0.34024		0.99237		0.9956		0.98911
	0.34114		0.99236		0.9956		0.98908
	0.34204		0.99235		0.9956		0.98905
	0.34294		0.99234		0.9956		0.98902
	0.34384		0.99233		0.9956		0.98899
	0.34474		0.99232		0.99559		0.98897
	0.34564		0.99231		0.99559		0.98894
	0.34654		0.9923		0.99559		0.9889
	0.34744		0.99229		0.99559		0.98887
	0.34834		0.99228		0.99559		0.98884
	0.34924		0.99227		0.99559		0.98881
	0.35014		0.99226		0.99559		0.98878
	0.35104		0.99225		0.99559		0.98875
	0.35194		0.99223		0.99559		0.98872
	0.35284		0.99222		0.99558		0.98869
	0.35374		0.99221		0.99558		0.98865
	0.35463		0.9922		0.99558		0.98862
	0.35553		0.99219		0.99558		0.98859
	0.35643		0.99218		0.99558		0.98856
	0.35733		0.99217		0.99558		0.98852
	0.35823		0.99215		0.99558		0.98849
	0.35913		0.99214		0.99558		0.98846
	0.36003		0.99213		0.99558		0.98842
	0.36093		0.99212		0.99558		0.98839
	0.36183		0.99211		0.99557		0.98835
	0.36273		0.99209		0.99557		0.98832
	0.36363		0.99208		0.99557		0.98828
	0.36453		0.99207		0.99557		0.98825
	0.36543		0.99206		0.99557		0.98821
	0.36632		0.99205		0.99557		0.98818
	0.36722		0.99203		0.99557		0.98814
	0.36812		0.99202		0.99557		0.9881
	0.36902		0.99201		0.99557		0.98807
	0.36992		0.992		0.99556		0.98803
	0.37082		0.99198		0.99556		0.98799
	0.37172		0.99197		0.99556		0.98796
	0.37262		0.99196		0.99556		0.98792
	0.37352		0.99194		0.99556		0.98788
	0.37442		0.99193		0.99556		0.98784
	0.37532		0.99192		0.99556		0.9878
	0.37621		0.9919		0.99556		0.98776
	0.37711		0.99189		0.99556		0.98772
	0.37801		0.99188		0.99555		0.98768
	0.37891		0.99186		0.99555		0.98764
	0.37981		0.99185		0.99555		0.9876
	0.38071		0.99184		0.99555		0.98756
	0.38161		0.99182		0.99555		0.98752
	0.38251		0.99181		0.99555		0.98748
	0.38341		0.99179		0.99555		0.98744
	0.3843		0.99178		0.99555		0.9874
	0.3852		0.99177		0.99555		0.98735
	0.3861		0.99175		0.99554		0.98731
	0.387		0.99174		0.99554		0.98727
	0.3879		0.99172		0.99554		0.98723
	0.3888		0.99171		0.99554		0.98718
	0.3897		0.99169		0.99554		0.98714
	0.3906		0.99168		0.99554		0.98709
	0.3915		0.99166		0.99554		0.98705
	0.39239		0.99165		0.99554		0.987
	0.39329		0.99163		0.99554		0.98696
	0.39419		0.99162		0.99553		0.98691
	0.39509		0.9916		0.99553		0.98686
	0.39599		0.99159		0.99553		0.98682
	0.39689		0.99157		0.99553		0.98677
	0.39779		0.99156		0.99553		0.98672
	0.39868		0.99154		0.99553		0.98667
	0.39958		0.99152		0.99553		0.98663
	0.40048		0.99151		0.99553		0.98658
	0.40138		0.99149		0.99553		0.98653
	0.40228		0.99148		0.99552		0.98648
	0.40318		0.99146		0.99552		0.98643
	0.40408		0.99144		0.99552		0.98638
	0.40497		0.99143		0.99552		0.98632
	0.40587		0.99141		0.99552		0.98627
	0.40677		0.99139		0.99552		0.98622
	0.40767		0.99138		0.99552		0.98617
	0.40857		0.99136		0.99552		0.98611
	0.40947		0.99134		0.99552		0.98606
	0.41036		0.99133		0.99551		0.98601
	0.41126		0.99131		0.99551		0.98595
	0.41216		0.99129		0.99551		0.9859
	0.41306		0.99127		0.99551		0.98584
	0.41396		0.99126		0.99551		0.98579
	0.41485		0.99124		0.99551		0.98573
	0.41575		0.99122		0.99551		0.98567
	0.41665		0.9912		0.99551		0.98562
	0.41755		0.99118		0.9955		0.98556
	0.41845		0.99116		0.9955		0.9855
	0.41934		0.99115		0.9955		0.98544
	0.42024		0.99113		0.9955		0.98538
	0.42114		0.99111		0.9955		0.98532
	0.42204		0.99109		0.9955		0.98526
	0.42294		0.99107		0.9955		0.9852
	0.42383		0.99105		0.9955		0.98513
	0.42473		0.99103		0.9955		0.98507
	0.42563		0.99101		0.99549		0.98501
	0.42653		0.99099		0.99549		0.98494
	0.42742		0.99097		0.99549		0.98488
	0.42832		0.99095		0.99549		0.98482
	0.42922		0.99093		0.99549		0.98475
	0.43012		0.99091		0.99549		0.98468
	0.43101		0.99089		0.99549		0.98462
	0.43191		0.99087		0.99549		0.98455
	0.43281		0.99085		0.99549		0.98448
	0.43371		0.99083		0.99548		0.98441
	0.4346		0.99081		0.99548		0.98434
	0.4355		0.99079		0.99548		0.98427
	0.4364		0.99077		0.99548		0.9842
	0.43729		0.99074		0.99548		0.98413
	0.43819		0.99072		0.99548		0.98406
	0.43909		0.9907		0.99548		0.98398
	0.43999		0.99068		0.99548		0.98391
	0.44088		0.99066		0.99548		0.98383
	0.44178		0.99063		0.99548		0.98376
	0.44268		0.99061		0.99547		0.98368
	0.44357		0.99059		0.99547		0.9836
	0.44447		0.99056		0.99547		0.98353
	0.44537		0.99054		0.99547		0.98345
	0.44626		0.99052		0.99547		0.98337
	0.44716		0.9905		0.99547		0.98329
	0.44805		0.99047		0.99547		0.98321
	0.44895		0.99045		0.99547		0.98312
	0.44985		0.99042		0.99547		0.98304
	0.45074		0.9904		0.99546		0.98296
	0.45164		0.99037		0.99546		0.98287
	0.45253		0.99035		0.99546		0.98279
	0.45343		0.99033		0.99546		0.9827
	0.45433		0.9903		0.99546		0.98261
	0.45522		0.99028		0.99546		0.98253
	0.45612		0.99025		0.99546		0.98244
	0.45701		0.99022		0.99546		0.98235
	0.45791		0.9902		0.99546		0.98225
	0.4588		0.99017		0.99546		0.98216
	0.4597		0.99015		0.99545		0.98207
	0.46059		0.99012		0.99545		0.98197
	0.46149		0.99009		0.99545		0.98188
	0.46238		0.99007		0.99545		0.98178
	0.46328		0.99004		0.99545		0.98168
	0.46417		0.99001		0.99545		0.98159
	0.46507		0.98999		0.99545		0.98149
	0.46596		0.98996		0.99545		0.98138
	0.46685		0.98993		0.99545		0.98128
	0.46775		0.9899		0.99545		0.98118
	0.46864		0.98987		0.99545		0.98107
	0.46954		0.98984		0.99544		0.98097
	0.47043		0.98982		0.99544		0.98086
	0.47132		0.98979		0.99544		0.98075
	0.47222		0.98976		0.99544		0.98064
	0.47311		0.98973		0.99544		0.98053
	0.474		0.9897		0.99544		0.98042
	0.47489		0.98967		0.99544		0.98031
	0.47579		0.98964		0.99544		0.98019
	0.47668		0.98961		0.99544		0.98007
	0.47757		0.98958		0.99544		0.97996
	0.47846		0.98955		0.99544		0.97984
	0.47936		0.98952		0.99544		0.97971
	0.48025		0.98948		0.99544		0.97959
	0.48114		0.98945		0.99543		0.97947
	0.48203		0.98942		0.99543		0.97934
	0.48292		0.98939		0.99543		0.97922
	0.48381		0.98936		0.99543		0.97909
	0.4847		0.98932		0.99543		0.97896
	0.48559		0.98929		0.99543		0.97882
	0.48648		0.98926		0.99543		0.97869
	0.48737		0.98922		0.99543		0.97855
	0.48826		0.98919		0.99543		0.97842
	0.48915		0.98916		0.99543		0.97828
	0.49004		0.98912		0.99543		0.97814
	0.49093		0.98909		0.99543		0.97799
	0.49182		0.98905		0.99543		0.97785
	0.49271		0.98902		0.99543		0.9777
	0.49359		0.98898		0.99543		0.97755
	0.49448		0.98895		0.99543		0.9774
	0.49537		0.98891		0.99543		0.97725
	0.49625		0.98887		0.99543		0.97709
	0.49714		0.98884		0.99543		0.97694
	0.49803		0.9888		0.99543		0.97678
	0.49891		0.98877		0.99542		0.97662
	0.4998		0.98873		0.99542		0.97645
	0.50068		0.98869		0.99542		0.97629
	0.50157		0.98865		0.99542		0.97612
	0.50245		0.98861		0.99542		0.97595
	0.50333		0.98858		0.99542		0.97577
	0.50422		0.98854		0.99542		0.9756
	0.5051		0.9885		0.99542		0.97542
	0.50598		0.98846		0.99542		0.97524
	0.50686		0.98842		0.99542		0.97505
	0.50774		0.98838		0.99542		0.97487
	0.50862		0.98834		0.99542		0.97468
	0.5095		0.9883		0.99542		0.97448
	0.51038		0.98826		0.99542		0.97429
	0.51126		0.98822		0.99542		0.97409
	0.51214		0.98818		0.99542		0.97389
	0.51301		0.98814		0.99543		0.97368
	0.51389		0.98809		0.99543		0.97348
	0.51476		0.98805		0.99543		0.97326
	0.51564		0.98801		0.99543		0.97305
	0.51651		0.98797		0.99543		0.97283
	0.51738		0.98793		0.99543		0.97261
	0.51826		0.98788		0.99543		0.97239
	0.51913		0.98784		0.99543		0.97216
	0.52		0.9878		0.99543		0.97193
	0.52087		0.98775		0.99543		0.97169
	0.52173		0.98771		0.99543		0.97145
	0.5226		0.98766		0.99543		0.97121
	0.52347		0.98762		0.99543		0.97096
	0.52433		0.98758		0.99543		0.97071
	0.5252		0.98753		0.99543		0.97045
	0.52606		0.98749		0.99544		0.97019
	0.52692		0.98744		0.99544		0.96992
	0.52778		0.98739		0.99544		0.96965
	0.52864		0.98735		0.99544		0.96938
	0.52949		0.9873		0.99544		0.9691
	0.53035		0.98726		0.99544		0.96882
	0.5312		0.98721		0.99544		0.96853
	0.53205		0.98716		0.99544		0.96823
	0.5329		0.98712		0.99545		0.96793
	0.53375		0.98707		0.99545		0.96763
	0.5346		0.98702		0.99545		0.96732
	0.53544		0.98698		0.99545		0.967
	0.53628		0.98693		0.99545		0.96668
	0.53712		0.98688		0.99546		0.96636
	0.53796		0.98684		0.99546		0.96602
	0.53879		0.98679		0.99546		0.96569
	0.53963		0.98674		0.99546		0.96534
	0.54046		0.98669		0.99546		0.96499
	0.54128		0.98665		0.99547		0.96463
	0.54211		0.9866		0.99547		0.96427
	0.54293		0.98655		0.99547		0.9639
	0.54375		0.9865		0.99548		0.96352
	0.54456		0.98646		0.99548		0.96314
	0.54538		0.98641		0.99548		0.96275
	0.54619		0.98636		0.99548		0.96235
	0.54699		0.98632		0.99549		0.96194
	0.54779		0.98627		0.99549		0.96153
	0.54859		0.98622		0.99549		0.96111
	0.54939		0.98618		0.9955		0.96068
	0.55017		0.98613		0.9955		0.96025
	0.55096		0.98609		0.9955		0.9598
	0.55174		0.98604		0.99551		0.95935
	0.55252		0.986		0.99551		0.95889
	0.55329		0.98595		0.99552		0.95842
	0.55406		0.98591		0.99552		0.95795
	0.55482		0.98586		0.99553		0.95746
	0.55557		0.98582		0.99553		0.95697
	0.55632		0.98578		0.99553		0.95647
	0.55707		0.98574		0.99554		0.95596
	0.55781		0.98569		0.99554		0.95544
	0.55854		0.98565		0.99555		0.95491
	0.55926		0.98561		0.99555		0.95438
	0.55998		0.98557		0.99556		0.95383
	0.5607		0.98553		0.99556		0.95328
	0.5614		0.9855		0.99557		0.95272
	0.5621		0.98546		0.99558		0.95214
	0.56279		0.98542		0.99558		0.95156
	0.56348		0.98539		0.99559		0.95097
	0.56416		0.98535		0.99559		0.95038
	0.56483		0.98532		0.9956		0.94977
	0.56549		0.98529		0.99561		0.94915
	0.56614		0.98525		0.99561		0.94853
	0.56678		0.98522		0.99562		0.9479
	0.56742		0.98519		0.99562		0.94726
	0.56805		0.98517		0.99563		0.94661
	0.56867		0.98514		0.99564		0.94595
	0.56928		0.98511		0.99565		0.94528
	0.56988		0.98509		0.99565		0.94461
	0.57047		0.98506		0.99566		0.94393
	0.57106		0.98504		0.99567		0.94324
	0.57163		0.98502		0.99567		0.94254
	0.5722		0.985		0.99568		0.94184
	0.57275		0.98498		0.99569		0.94113
	0.5733		0.98496		0.9957		0.94041
	0.57384		0.98494		0.9957		0.93968
	0.57437		0.98493		0.99571		0.93895
	0.57489		0.98491		0.99572		0.93821
	0.5754		0.9849		0.99573		0.93747
	0.5759		0.98489		0.99574		0.93671
	0.57639		0.98488		0.99574		0.93596
	0.57688		0.98487		0.99575		0.93519
	0.57735		0.98486		0.99576		0.93442
	0.57782		0.98486		0.99577		0.93365
	0.57827		0.98485		0.99578		0.93287
	0.57872		0.98485		0.99578		0.93209
	0.57916		0.98484		0.99579		0.9313
	0.57959		0.98484		0.9958		0.9305
	0.58001		0.98484		0.99581		0.92971
	0.58043		0.98484		0.99582		0.9289
	0.58083		0.98484		0.99583		0.9281
	0.58123		0.98484		0.99583		0.92728
	0.58162		0.98485		0.99584		0.92647
	0.582		0.98485		0.99585		0.92565
	0.58237		0.98486		0.99586		0.92483
	0.58274		0.98486		0.99587		0.924
	0.5831		0.98487		0.99588		0.92318
	0.58345		0.98488		0.99589		0.92234
	0.58379		0.98489		0.9959		0.92151
	0.58413		0.9849		0.9959		0.92067
	0.58446		0.98491		0.99591		0.91983
	0.58478		0.98492		0.99592		0.91899
	0.5851		0.98493		0.99593		0.91815
	0.58541		0.98495		0.99594		0.9173
	0.58571		0.98496		0.99595		0.91645
	0.58601		0.98498		0.99596		0.9156
	0.5863		0.98499		0.99596		0.91474
	0.58658		0.98501		0.99597		0.91389
	0.58686		0.98503		0.99598		0.91303
	0.58714		0.98504		0.99599		0.91217
	0.58741		0.98506		0.996		0.91131
	0.58767		0.98508		0.99601		0.91045
	0.58793		0.9851		0.99602		0.90958
	0.58818		0.98512		0.99603		0.90872
	0.58842		0.98514		0.99603		0.90785
	0.58867		0.98516		0.99604		0.90698
	0.5889		0.98519		0.99605		0.90611
	0.58914		0.98521		0.99606		0.90524
	0.58936		0.98523		0.99607		0.90437
	0.58959		0.98525		0.99608		0.9035
	0.58981		0.98528		0.99609		0.90262
	0.59002		0.9853		0.99609		0.90175
	0.59023		0.98533		0.9961		0.90087
	0.59044		0.98535		0.99611		0.89999
	0.59064		0.98538		0.99612		0.89912
	0.59084		0.9854		0.99613		0.89824
	0.59103		0.98543		0.99614		0.89736
	0.59122		0.98546		0.99614		0.89648
	0.59141		0.98549		0.99615		0.89559
	0.59159		0.98551		0.99616		0.89471
	0.59177		0.98554		0.99617		0.89383
	0.59195		0.98557		0.99618		0.89295
	0.59212		0.9856		0.99619		0.89206
	0.59229		0.98562		0.99619		0.89118
	0.59246		0.98565		0.9962		0.89029
	0.59263		0.98568		0.99621		0.88941
	0.59279		0.98571		0.99622		0.88852
	0.59294		0.98574		0.99623		0.88763
	0.5931		0.98577		0.99623		0.88675
	0.59325		0.9858		0.99624		0.88586
	0.5934		0.98583		0.99625		0.88497
	0.59355		0.98586		0.99626		0.88408
	0.59369		0.98589		0.99627		0.8832
	0.59383		0.98592		0.99627		0.88231
	0.59397		0.98595		0.99628		0.88142
	0.59411		0.98598		0.99629		0.88053
	0.59425		0.98601		0.9963		0.87964
	0.59438		0.98604		0.99631		0.87875
	0.59451		0.98608		0.99631		0.87785
	0.59463		0.98611		0.99632		0.87696
	0.59476		0.98614		0.99633		0.87607
	0.59488		0.98617		0.99634		0.87518
	0.595		0.9862		0.99634		0.87429
	0.59512		0.98623		0.99635		0.8734
	0.59524		0.98626		0.99636		0.8725
	0.59536		0.9863		0.99637		0.87161
	0.59547		0.98633		0.99637		0.87072
	0.59558		0.98636		0.99638		0.86982
	0.59569		0.98639		0.99639		0.86893
	0.5958		0.98642		0.9964		0.86804
	0.5959		0.98646		0.9964		0.86714
	0.59601		0.98649		0.99641		0.86625
	0.59611		0.98652		0.99642		0.86536
	0.59621		0.98655		0.99643		0.86446
	0.59631		0.98658		0.99643		0.86357
	0.59641		0.98662		0.99644		0.86267
	0.59651		0.98665		0.99645		0.86178
	0.5966		0.98668		0.99646		0.86088
	0.59669		0.98671		0.99646		0.85999
	0.59679		0.98675		0.99647		0.85909
	0.59688		0.98678		0.99648		0.8582
	0.59697		0.98681		0.99648		0.8573
	0.59705		0.98684		0.99649		0.8564
	0.59714		0.98687		0.9965		0.85551
	0.59723		0.98691		0.99651		0.85461
	0.59731		0.98694		0.99651		0.85372
	0.59739		0.98697		0.99652		0.85282
	0.59747		0.987		0.99653		0.85192
	0.59755		0.98703		0.99653		0.85103
	0.59763		0.98707		0.99654		0.85013
	0.59771		0.9871		0.99655		0.84924
	0.59779		0.98713		0.99655		0.84834
	0.59786		0.98716		0.99656		0.84744
	0.59794		0.98719		0.99657		0.84655
	0.59801		0.98722		0.99657		0.84565
	0.59808		0.98726		0.99658		0.84475
	0.59815		0.98729		0.99659		0.84385
	0.59822		0.98732		0.99659		0.84296
	0.59829		0.98735		0.9966		0.84206
	0.59836		0.98738		0.99661		0.84116
	0.59843		0.98741		0.99661		0.84027
	0.5985		0.98745		0.99662		0.83937
	0.59856		0.98748		0.99663		0.83847
	0.59863		0.98751		0.99663		0.83757
	0.59869		0.98754		0.99664		0.83668
	0.59875		0.98757		0.99665		0.83578
	0.59882		0.9876		0.99665		0.83488
	0.59888		0.98763		0.99666		0.83398
	0.59894		0.98766		0.99667		0.83309
	0.599		0.98769		0.99667		0.83219
	0.59906		0.98772		0.99668		0.83129
	0.59911		0.98775		0.99669		0.83039
	0.59917		0.98779		0.99669		0.82949
	0.59923		0.98782		0.9967		0.8286
	0.59928		0.98785		0.9967		0.8277
	0.59934		0.98788		0.99671		0.8268
	0.59939		0.98791		0.99672		0.8259
	0.59945		0.98794		0.99672		0.825
	0.5995		0.98797		0.99673		0.82411
	0.59955		0.988		0.99674		0.82321
	0.5996		0.98803		0.99674		0.82231
	0.59965		0.98806		0.99675		0.82141
	0.5997		0.98809		0.99675		0.82051
	0.59975		0.98812		0.99676		0.81961
	0.5998		0.98815		0.99677		0.81872
	0.59985		0.98818		0.99677		0.81782
	0.5999		0.98821		0.99678		0.81692
	0.59995		0.98823		0.99678		0.81602
	0.59999		0.98826		0.99679		0.81512
	0.60004		0.98829		0.9968		0.81422
	0.60009		0.98832		0.9968		0.81333
	0.60013		0.98835		0.99681		0.81243
	0.60018		0.98838		0.99681		0.81153
	0.60022		0.98841		0.99682		0.81063
	0.60026		0.98844		0.99682		0.80973
	0.60031		0.98847		0.99683		0.80883
	0.60035		0.98849		0.99684		0.80793
	0.60039		0.98852		0.99684		0.80703
	0.60043		0.98855		0.99685		0.80614
	0.60047		0.98858		0.99685		0.80524
	0.60051		0.98861		0.99686		0.80434
	0.60055		0.98864		0.99686		0.80344
	0.60059		0.98866		0.99687		0.80254
	0.60063		0.98869		0.99688		0.80164
	0.60067		0.98872		0.99688		0.80074
	0.60071		0.98875		0.99689		0.79984
	0.60075		0.98877		0.99689		0.79894
	0.60079		0.9888		0.9969		0.79805
	0.60082		0.98883		0.9969		0.79715
	0.60086		0.98886		0.99691		0.79625
	0.6009		0.98888		0.99691		0.79535
	0.60093		0.98891		0.99692		0.79445
	0.60097		0.98894		0.99693		0.79355
	0.601		0.98897		0.99693		0.79265
	0.60104		0.98899		0.99694		0.79175
	0.60107		0.98902		0.99694		0.79085
	0.60111		0.98905		0.99695		0.78995
	0.60114		0.98907		0.99695		0.78906
	0.60117		0.9891		0.99696		0.78816
	0.6012		0.98913		0.99696		0.78726
	0.60124		0.98915		0.99697		0.78636
	0.60127		0.98918		0.99697		0.78546
	0.6013		0.9892		0.99698		0.78456
	0.60133		0.98923		0.99698		0.78366
	0.60136		0.98926		0.99699		0.78276
	0.6014		0.98928		0.99699		0.78186
	0.60143		0.98931		0.997		0.78096
	0.60146		0.98933		0.997		0.78006
	0.60149		0.98936		0.99701		0.77916
	0.60152		0.98938		0.99702		0.77827
	0.60155		0.98941		0.99702		0.77737
	0.60157		0.98943		0.99703		0.77647
	0.6016		0.98946		0.99703		0.77557
	0.60163		0.98948		0.99704		0.77467
	0.60166		0.98951		0.99704		0.77377
	0.60169		0.98953		0.99705		0.77287
	0.60172		0.98956		0.99705		0.77197
	0.60174		0.98958		0.99706		0.77107
	0.60177		0.98961		0.99706		0.77017
	0.6018		0.98963		0.99707		0.76927
	0.60182		0.98966		0.99707		0.76837
	0.60185		0.98968		0.99708		0.76747
	0.60188		0.98971		0.99708		0.76657
	0.6019		0.98973		0.99708		0.76567
	0.60193		0.98976		0.99709		0.76478
	0.60195		0.98978		0.99709		0.76388
	0.60198		0.9898		0.9971		0.76298
	0.60201		0.98983		0.9971		0.76208
	0.60203		0.98985		0.99711		0.76118
	0.60205		0.98987		0.99711		0.76028
	0.60208		0.9899		0.99712		0.75938
	0.6021		0.98992		0.99712		0.75848
	0.60213		0.98995		0.99713		0.75758
	0.60215		0.98997		0.99713		0.75668
	0.60217		0.98999		0.99714		0.75578
	0.6022		0.99001		0.99714		0.75488
	0.60222		0.99004		0.99715		0.75398
	0.60224		0.99006		0.99715		0.75308
	0.60227		0.99008		0.99716		0.75218
	0.60229		0.99011		0.99716		0.75128
	0.60231		0.99013		0.99716		0.75038
	0.60233		0.99015		0.99717		0.74948
	0.60236		0.99017		0.99717		0.74859
	0.60238		0.9902		0.99718		0.74769
	0.6024		0.99022		0.99718		0.74679
	0.60242		0.99024		0.99719		0.74589
	0.60244		0.99026		0.99719		0.74499
	0.60246		0.99029		0.9972		0.74409
	0.60248		0.99031		0.9972		0.74319
	0.6025		0.99033		0.99721		0.74229
	0.60252		0.99035		0.99721		0.74139
	0.60255		0.99037		0.99721		0.74049
	0.60257		0.9904		0.99722		0.73959
	0.60259		0.99042		0.99722		0.73869
	0.60261		0.99044		0.99723		0.73779
	0.60263		0.99046		0.99723		0.73689
	0.60265		0.99048		0.99724		0.73599
	0.60266		0.9905		0.99724		0.73509
	0.60268		0.99052		0.99724		0.73419
	0.6027		0.99055		0.99725		0.73329
	0.60272		0.99057		0.99725		0.73239
	0.60274		0.99059		0.99726		0.73149
	0.60276		0.99061		0.99726		0.73059
	0.60278		0.99063		0.99727		0.72969
	0.6028		0.99065		0.99727		0.72879
	0.60282		0.99067		0.99727		0.7279
	0.60283		0.99069		0.99728		0.727
	0.60285		0.99071		0.99728		0.7261
	0.60287		0.99073		0.99729		0.7252
	0.60289		0.99075		0.99729		0.7243
	0.6029		0.99077		0.9973		0.7234
	0.60292		0.99079		0.9973		0.7225
	0.60294		0.99081		0.9973		0.7216
	0.60296		0.99083		0.99731		0.7207
	0.60297		0.99085		0.99731		0.7198
	0.60299		0.99087		0.99732		0.7189
	0.60301		0.99089		0.99732		0.718
	0.60303		0.99091		0.99732		0.7171
	0.60304		0.99093		0.99733		0.7162
	0.60306		0.99095		0.99733		0.7153
	0.60308		0.99097		0.99734		0.7144
	0.60309		0.99099		0.99734		0.7135
	0.60311		0.99101		0.99734		0.7126
	0.60312		0.99103		0.99735		0.7117
	0.60314		0.99105		0.99735		0.7108
	0.60316		0.99107		0.99736		0.7099
	0.60317		0.99109		0.99736		0.709
	0.60319		0.99111		0.99736		0.7081
	0.6032		0.99113		0.99737		0.7072
	0.60322		0.99115		0.99737		0.7063
	0.60323		0.99117		0.99738		0.7054
	0.60325		0.99118		0.99738		0.7045
	0.60327		0.9912		0.99738		0.7036
	0.60328		0.99122		0.99739		0.7027
	0.6033		0.99124		0.99739		0.7018
	0.60331		0.99126		0.9974		0.7009
	0.60333		0.99128		0.9974		0.70001
	0.60334		0.9913		0.9974		0.69911
	0.60335		0.99131		0.99741		0.69821
	0.60337		0.99133		0.99741		0.69731
	0.60338		0.99135		0.99741		0.69641
	0.6034		0.99137		0.99742		0.69551
	0.60341		0.99139		0.99742		0.69461
	0.60343		0.99141		0.99743		0.69371
	0.60344		0.99142		0.99743		0.69281
	0.60346		0.99144		0.99743		0.69191
	0.60347		0.99146		0.99744		0.69101
	0.60348		0.99148		0.99744		0.69011
	0.6035		0.99149		0.99744		0.68921
	0.60351		0.99151		0.99745		0.68831
	0.60353		0.99153		0.99745		0.68741
	0.60354		0.99155		0.99746		0.68651
	0.60355		0.99157		0.99746		0.68561
	0.60357		0.99158		0.99746		0.68471
	0.60358		0.9916		0.99747		0.68381
	0.60359		0.99162		0.99747		0.68291
	0.60361		0.99163		0.99747		0.68201
	0.60362		0.99165		0.99748		0.68111
	0.60363		0.99167		0.99748		0.68021
	0.60365		0.99169		0.99748		0.67931
	0.60366		0.9917		0.99749		0.67841
	0.60367		0.99172		0.99749		0.67751
	0.60369		0.99174		0.9975		0.67661
	0.6037		0.99175		0.9975		0.67571
	0.60371		0.99177		0.9975		0.67481
	0.60372		0.99179		0.99751		0.67391
	0.60374		0.9918		0.99751		0.67301
	0.60375		0.99182		0.99751		0.67211
	0.60376		0.99184		0.99752		0.67121
	0.60377		0.99185		0.99752		0.67031
	0.60379		0.99187		0.99752		0.66941
	0.6038		0.99189		0.99753		0.66851
	0.60381		0.9919		0.99753		0.66761
	0.60382		0.99192		0.99753		0.66671
	0.60384		0.99193		0.99754		0.66581
	0.60385		0.99195		0.99754		0.66491
	0.60386		0.99197		0.99754		0.66401
	0.60387		0.99198		0.99755		0.66311
	0.60389		0.992		0.99755		0.66222
	0.6039		0.99201		0.99755		0.66132
	0.60391		0.99203		0.99756		0.66042
	0.60392		0.99205		0.99756		0.65952
	0.60393		0.99206		0.99756		0.65862
	0.60394		0.99208		0.99757		0.65772
	0.60396		0.99209		0.99757		0.65682
	0.60397		0.99211		0.99757		0.65592
	0.60398		0.99212		0.99758		0.65502
	0.60399		0.99214		0.99758		0.65412
	0.604		0.99215		0.99758		0.65322
	0.60401		0.99217		0.99759		0.65232
	0.60403		0.99219		0.99759		0.65142
	0.60404		0.9922		0.99759		0.65052
	0.60405		0.99222		0.9976		0.64962
	0.60406		0.99223		0.9976		0.64872
	0.60407		0.99225		0.9976		0.64782
	0.60408		0.99226		0.99761		0.64692
	0.60409		0.99228		0.99761		0.64602
	0.60411		0.99229		0.99761		0.64512
	0.60412		0.99231		0.99762		0.64422
	0.60413		0.99232		0.99762		0.64332
	0.60414		0.99234		0.99762		0.64242
	0.60415		0.99235		0.99763		0.64152
	0.60416		0.99236		0.99763		0.64062
	0.60417		0.99238		0.99763		0.63972
	0.60418		0.99239		0.99764		0.63882
	0.60419		0.99241		0.99764		0.63792
	0.60421		0.99242		0.99764		0.63702
	0.60422		0.99244		0.99764		0.63612
	0.60423		0.99245		0.99765		0.63522
	0.60424		0.99247		0.99765		0.63432
	0.60425		0.99248		0.99765		0.63342
	0.60426		0.99249		0.99766		0.63252
	0.60427		0.99251		0.99766		0.63162
	0.60428		0.99252		0.99766		0.63072
	0.60429		0.99254		0.99767		0.62982
	0.6043		0.99255		0.99767		0.62892
	0.60431		0.99257		0.99767		0.62802
	0.60432		0.99258		0.99768		0.62712
	0.60433		0.99259		0.99768		0.62622
	0.60434		0.99261		0.99768		0.62532
	0.60435		0.99262		0.99768		0.62442
	0.60437		0.99263		0.99769		0.62352
	0.60438		0.99265		0.99769		0.62262
	0.60439		0.99266		0.99769		0.62172
	0.6044		0.99268		0.9977		0.62082
	0.60441		0.99269		0.9977		0.61992
	0.60442		0.9927		0.9977		0.61902
	0.60443		0.99272		0.99771		0.61812
	0.60444		0.99273		0.99771		0.61722
	0.60445		0.99274		0.99771		0.61632
	0.60446		0.99276		0.99771		0.61542
	0.60447		0.99277		0.99772		0.61452
	0.60448		0.99278		0.99772		0.61362
	0.60449		0.9928		0.99772		0.61272
	0.6045		0.99281		0.99773		0.61182
	0.60451		0.99282		0.99773		0.61092
	0.60452		0.99284		0.99773		0.61002
	0.60453		0.99285		0.99773		0.60912
	0.60454		0.99286		0.99774		0.60822
	0.60455		0.99287		0.99774		0.60732
	0.60456		0.99289		0.99774		0.60642
	0.60457		0.9929		0.99775		0.60552
	0.60458		0.99291		0.99775		0.60462
	0.60459		0.99293		0.99775		0.60372
	0.6046		0.99294		0.99775		0.60282
	0.60461		0.99295		0.99776		0.60192
	0.60462		0.99296		0.99776		0.60102
	0.60463		0.99298		0.99776		0.60013
	0.60464		0.99299		0.99777		0.59923
	0.60465		0.993		0.99777		0.59833
	0.60466		0.99301		0.99777		0.59743
	0.60467		0.99303		0.99777		0.59653
	0.60468		0.99304		0.99778		0.59563
	0.60469		0.99305		0.99778		0.59473
	0.6047		0.99306		0.99778		0.59383
	0.60471		0.99308		0.99779		0.59293
	0.60472		0.99309		0.99779		0.59203
	0.60473		0.9931		0.99779		0.59113
	0.60474		0.99311		0.99779		0.59023
	0.60475		0.99313		0.9978		0.58933
	0.60476		0.99314		0.9978		0.58843
	0.60477		0.99315		0.9978		0.58753
	0.60478		0.99316		0.9978		0.58663
	0.60479		0.99317		0.99781		0.58573
	0.6048		0.99319		0.99781		0.58483
	0.60481		0.9932		0.99781		0.58393
	0.60482		0.99321		0.99781		0.58303
	0.60483		0.99322		0.99782		0.58213
	0.60484		0.99323		0.99782		0.58123
	0.60485		0.99325		0.99782		0.58033
	0.60486		0.99326		0.99783		0.57943
	0.60487		0.99327		0.99783		0.57853
	0.60488		0.99328		0.99783		0.57763
	0.60489		0.99329		0.99783		0.57673
	0.6049		0.9933		0.99784		0.57583
	0.60491		0.99332		0.99784		0.57493
	0.60492		0.99333		0.99784		0.57403
	0.60493		0.99334		0.99784		0.57313
	0.60493		0.99335		0.99785		0.57223
	0.60494		0.99336		0.99785		0.57133
	0.60495		0.99337		0.99785		0.57043
	0.60496		0.99338		0.99785		0.56953
	0.60497		0.9934		0.99786		0.56863
	0.60498		0.99341		0.99786		0.56773
	0.60499		0.99342		0.99786		0.56683
	0.605		0.99343		0.99786		0.56593
	0.60501		0.99344		0.99787		0.56503
	0.60502		0.99345		0.99787		0.56413
	0.60503		0.99346		0.99787		0.56323
	0.60504		0.99347		0.99787		0.56233
	0.60505		0.99348		0.99788		0.56143
	0.60506		0.9935		0.99788		0.56053
	0.60507		0.99351		0.99788		0.55963
	0.60508		0.99352		0.99788		0.55873
	0.60509		0.99353		0.99789		0.55783
	0.6051		0.99354		0.99789		0.55693
	0.60511		0.99355		0.99789		0.55603
	0.60512		0.99356		0.99789		0.55513
	0.60513		0.99357		0.9979		0.55423
	0.60514		0.99358		0.9979		0.55333
	0.60515		0.99359		0.9979		0.55243
	0.60516		0.9936		0.9979		0.55153
	0.60517		0.99361		0.99791		0.55063
	0.60518		0.99363		0.99791		0.54973
	0.60519		0.99364		0.99791		0.54883
	0.6052		0.99365		0.99791		0.54793
	0.60521		0.99366		0.99792		0.54703
	0.60522		0.99367		0.99792		0.54613
	0.60523		0.99368		0.99792		0.54523
	0.60524		0.99369		0.99792		0.54433
	0.60525		0.9937		0.99793		0.54343
	0.60526		0.99371		0.99793		0.54253
	0.60526		0.99372		0.99793		0.54163
	0.60527		0.99373		0.99793		0.54073
	0.60528		0.99374		0.99794		0.53983
	0.60529		0.99375		0.99794		0.53893
	0.6053		0.99376		0.99794		0.53803
	0.60531		0.99377		0.99794		0.53713
	0.60532		0.99378		0.99795		0.53623
	0.60533		0.99379		0.99795		0.53533
	0.60534		0.9938		0.99795		0.53443
	0.60535		0.99381		0.99795		0.53353
	0.60536		0.99382		0.99796		0.53263
	0.60537		0.99383		0.99796		0.53173
	0.60538		0.99384		0.99796		0.53083
	0.60539		0.99385		0.99796		0.52993
	0.6054		0.99386		0.99796		0.52903
	0.60541		0.99387		0.99797		0.52813
	0.60542		0.99388		0.99797		0.52723
	0.60543		0.99389		0.99797		0.52633
	0.60544		0.9939		0.99797		0.52543
	0.60545		0.99391		0.99798		0.52453
	0.60546		0.99392		0.99798		0.52363
	0.60547		0.99393		0.99798		0.52273
	0.60548		0.99394		0.99798		0.52183
	0.60549		0.99395		0.99799		0.52093
	0.6055		0.99396		0.99799		0.52003
	0.60551		0.99397		0.99799		0.51913
	0.60552		0.99398		0.99799		0.51823
	0.60553		0.99399		0.99799		0.51733
	0.60554		0.994		0.998		0.51643
	0.60555		0.99401		0.998		0.51553
	0.60556		0.99402		0.998		0.51463
	0.60557		0.99403		0.998		0.51373
	0.60558		0.99403		0.99801		0.51283
	0.60559		0.99404		0.99801		0.51193
	0.6056		0.99405		0.99801		0.51103
	0.60561		0.99406		0.99801		0.51013
	0.60562		0.99407		0.99801		0.50923
	0.60563		0.99408		0.99802		0.50833
	0.60564		0.99409		0.99802		0.50743
	0.60565		0.9941		0.99802		0.50653
	0.60566		0.99411		0.99802		0.50563
	0.60567		0.99412		0.99803		0.50473
	0.60568		0.99413		0.99803		0.50383
	0.60569		0.99414		0.99803		0.50293
	0.6057		0.99415		0.99803		0.50203
	0.60572		0.99415		0.99803		0.50113
	0.60573		0.99416		0.99804		0.50023
	0.60574		0.99417		0.99804		0.49933
	0.60575		0.99418		0.99804		0.49843
	0.60576		0.99419		0.99804		0.49753
	0.60577		0.9942		0.99804		0.49663
	0.60578		0.99421		0.99805		0.49573
	0.60579		0.99422		0.99805		0.49483
	0.6058		0.99423		0.99805		0.49393
	0.60581		0.99424		0.99805		0.49303
	0.60582		0.99424		0.99806		0.49213
	0.60583		0.99425		0.99806		0.49123
	0.60584		0.99426		0.99806		0.49033
	0.60585		0.99427		0.99806		0.48943
	0.60586		0.99428		0.99806		0.48853
	0.60587		0.99429		0.99807		0.48763
	0.60588		0.9943		0.99807		0.48673
	0.60589		0.99431		0.99807		0.48583
	0.6059		0.99431		0.99807		0.48493
	0.60592		0.99432		0.99807		0.48403
	0.60593		0.99433		0.99808		0.48313
	0.60594		0.99434		0.99808		0.48223
	0.60595		0.99435		0.99808		0.48133
	0.60596		0.99436		0.99808		0.48043
	0.60597		0.99437		0.99808		0.47953
	0.60598		0.99437		0.99809		0.47863
	0.60599		0.99438		0.99809		0.47773
	0.606		0.99439		0.99809		0.47683
	0.60601		0.9944		0.99809		0.47593
	0.60602		0.99441		0.99809		0.47503
	0.60603		0.99442		0.9981		0.47413
	0.60605		0.99442		0.9981		0.47323
	0.60606		0.99443		0.9981		0.47233
	0.60607		0.99444		0.9981		0.47143
	0.60608		0.99445		0.99811		0.47053
	0.60609		0.99446		0.99811		0.46963
	0.6061		0.99447		0.99811		0.46873
	0.60611		0.99447		0.99811		0.46783
	0.60612		0.99448		0.99811		0.46693
	0.60614		0.99449		0.99812		0.46603
	0.60615		0.9945		0.99812		0.46513
	0.60616		0.99451		0.99812		0.46423
	0.60617		0.99451		0.99812		0.46333
	0.60618		0.99452		0.99812		0.46243
	0.60619		0.99453		0.99813		0.46153
	0.6062		0.99454		0.99813		0.46063
	0.60622		0.99455		0.99813		0.45973
	0.60623		0.99455		0.99813		0.45883
	0.60624		0.99456		0.99813		0.45793
	0.60625		0.99457		0.99813		0.45703
	0.60626		0.99458		0.99814		0.45613
	0.60627		0.99459		0.99814		0.45523
	0.60628		0.99459		0.99814		0.45433
	0.6063		0.9946		0.99814		0.45343
	0.60631		0.99461		0.99814		0.45253
	0.60632		0.99462		0.99815		0.45163
	0.60633		0.99463		0.99815		0.45073
	0.60634		0.99463		0.99815		0.44983
	0.60636		0.99464		0.99815		0.44893
	0.60637		0.99465		0.99815		0.44803
	0.60638		0.99466		0.99816		0.44713
	0.60639		0.99466		0.99816		0.44623
	0.6064		0.99467		0.99816		0.44533
	0.60642		0.99468		0.99816		0.44443
	0.60643		0.99469		0.99816		0.44353
	0.60644		0.99469		0.99817		0.44263
	0.60645		0.9947		0.99817		0.44173
	0.60646		0.99471		0.99817		0.44083
	0.60648		0.99472		0.99817		0.43993
	0.60649		0.99472		0.99817		0.43903
	0.6065		0.99473		0.99818		0.43813
	0.60651		0.99474		0.99818		0.43723
	0.60653		0.99475		0.99818		0.43633
	0.60654		0.99475		0.99818		0.43543
	0.60655		0.99476		0.99818		0.43453
	0.60656		0.99477		0.99818		0.43363
	0.60658		0.99478		0.99819		0.43273
	0.60659		0.99478		0.99819		0.43183
	0.6066		0.99479		0.99819		0.43093
	0.60661		0.9948		0.99819		0.43003
	0.60663		0.99481		0.99819		0.42913
	0.60664		0.99481		0.9982		0.42823
	0.60665		0.99482		0.9982		0.42733
	0.60666		0.99483		0.9982		0.42643
	0.60668		0.99484		0.9982		0.42553
	0.60669		0.99484		0.9982		0.42463
	0.6067		0.99485		0.9982		0.42373
	0.60672		0.99486		0.99821		0.42283
	0.60673		0.99486		0.99821		0.42193
	0.60674		0.99487		0.99821		0.42103
	0.60676		0.99488		0.99821		0.42013
	0.60677		0.99489		0.99821		0.41923
	0.60678		0.99489		0.99822		0.41833
	0.6068		0.9949		0.99822		0.41743
	0.60681		0.99491		0.99822		0.41653
	0.60682		0.99491		0.99822		0.41563
	0.60684		0.99492		0.99822		0.41473
	0.60685		0.99493		0.99822		0.41383
	0.60686		0.99493		0.99823		0.41293
	0.60688		0.99494		0.99823		0.41203
	0.60689		0.99495		0.99823		0.41113
	0.6069		0.99496		0.99823		0.41023
	0.60692		0.99496		0.99823		0.40933
	0.60693		0.99497		0.99824		0.40843
	0.60695		0.99498		0.99824		0.40753
	0.60696		0.99498		0.99824		0.40663
	0.60697		0.99499		0.99824		0.40573
	0.60699		0.995		0.99824		0.40483
	0.607		0.995		0.99824		0.40393
	0.60702		0.99501		0.99825		0.40303
	0.60703		0.99502		0.99825		0.40213
	0.60704		0.99502		0.99825		0.40123
	0.60706		0.99503		0.99825		0.40033
	0.60707		0.99504		0.99825		0.39943
	0.60709		0.99504		0.99825		0.39853
	0.6071		0.99505		0.99826		0.39763
	0.60712		0.99506		0.99826		0.39673
	0.60713		0.99506		0.99826		0.39583
	0.60715		0.99507		0.99826		0.39493
	0.60716		0.99508		0.99826		0.39403
	0.60718		0.99508		0.99826		0.39313
	0.60719		0.99509		0.99827		0.39223
	0.60721		0.9951		0.99827		0.39133
	0.60722		0.9951		0.99827		0.39043
	0.60724		0.99511		0.99827		0.38953
	0.60725		0.99512		0.99827		0.38863
	0.60727		0.99512		0.99828		0.38773
	0.60728		0.99513		0.99828		0.38683
	0.6073		0.99514		0.99828		0.38593
	0.60731		0.99514		0.99828		0.38503
	0.60733		0.99515		0.99828		0.38413
	0.60734		0.99516		0.99828		0.38323
	0.60736		0.99516		0.99829		0.38233
	0.60737		0.99517		0.99829		0.38143
	0.60739		0.99518		0.99829		0.38053
	0.60741		0.99518		0.99829		0.37963
	0.60742		0.99519		0.99829		0.37873
	0.60744		0.9952		0.99829		0.37783
	0.60745		0.9952		0.9983		0.37693
	0.60747		0.99521		0.9983		0.37603
	0.60748		0.99521		0.9983		0.37513
	0.6075		0.99522		0.9983		0.37423
	0.60752		0.99523		0.9983		0.37333
	0.60753		0.99523		0.9983		0.37243
	0.60755		0.99524		0.99831		0.37153
	0.60757		0.99525		0.99831		0.37063
	0.60758		0.99525		0.99831		0.36973
	0.6076		0.99526		0.99831		0.36883
	0.60762		0.99526		0.99831		0.36793
	0.60763		0.99527		0.99831		0.36703
	0.60765		0.99528		0.99832		0.36613
	0.60767		0.99528		0.99832		0.36523
	0.60768		0.99529		0.99832		0.36433
	0.6077		0.99529		0.99832		0.36343
	0.60772		0.9953		0.99832		0.36253
	0.60773		0.99531		0.99832		0.36163
	0.60775		0.99531		0.99832		0.36073
	0.60777		0.99532		0.99833		0.35983
	0.60779		0.99533		0.99833		0.35893
	0.6078		0.99533		0.99833		0.35803
	0.60782		0.99534		0.99833		0.35713
	0.60784		0.99534		0.99833		0.35623
	0.60786		0.99535		0.99833		0.35533
	0.60788		0.99536		0.99834		0.35443
	0.60789		0.99536		0.99834		0.35353
	0.60791		0.99537		0.99834		0.35263
	0.60793		0.99537		0.99834		0.35173
	0.60795		0.99538		0.99834		0.35083
	0.60797		0.99539		0.99834		0.34993
	0.60798		0.99539		0.99835		0.34903
	0.608		0.9954		0.99835		0.34813
	0.60802		0.9954		0.99835		0.34723
	0.60804		0.99541		0.99835		0.34633
	0.60806		0.99541		0.99835		0.34543
	0.60808		0.99542		0.99835		0.34453
	0.6081		0.99543		0.99836		0.34363
	0.60812		0.99543		0.99836		0.34273
	0.60813		0.99544		0.99836		0.34183
	0.60815		0.99544		0.99836		0.34093
	0.60817		0.99545		0.99836		0.34003
	0.60819		0.99546		0.99836		0.33913
	0.60821		0.99546		0.99836		0.33823
	0.60823		0.99547		0.99837		0.33733
	0.60825		0.99547		0.99837		0.33643
	0.60827		0.99548		0.99837		0.33553
	0.60829		0.99548		0.99837		0.33463
	0.60831		0.99549		0.99837		0.33373
	0.60833		0.9955		0.99837		0.33283
	0.60835		0.9955		0.99838		0.33193
	0.60837		0.99551		0.99838		0.33103
	0.60839		0.99551		0.99838		0.33013
	0.60841		0.99552		0.99838		0.32923
	0.60843		0.99552		0.99838		0.32833
	0.60845		0.99553		0.99838		0.32743
	0.60847		0.99553		0.99838		0.32653
	0.6085		0.99554		0.99839		0.32563
	0.60852		0.99555		0.99839		0.32473
	0.60854		0.99555		0.99839		0.32383
	0.60856		0.99556		0.99839		0.32293
	0.60858		0.99556		0.99839		0.32203
	0.6086		0.99557		0.99839		0.32113
	0.60862		0.99557		0.99839		0.32023
	0.60865		0.99558		0.9984		0.31933
	0.60867		0.99558		0.9984		0.31843
	0.60869		0.99559		0.9984		0.31753
	0.60871		0.9956		0.9984		0.31663
	0.60873		0.9956		0.9984		0.31573
	0.60876		0.99561		0.9984		0.31483
	0.60878		0.99561		0.99841		0.31393
	0.6088		0.99562		0.99841		0.31303
	0.60882		0.99562		0.99841		0.31213
	0.60885		0.99563		0.99841		0.31123
	0.60887		0.99563		0.99841		0.31033
	0.60889		0.99564		0.99841		0.30943
	0.60892		0.99564		0.99841		0.30853
	0.60894		0.99565		0.99842		0.30763
	0.60896		0.99566		0.99842		0.30673
	0.60899		0.99566		0.99842		0.30583
	0.60901		0.99567		0.99842		0.30493
	0.60903		0.99567		0.99842		0.30403
	0.60906		0.99568		0.99842		0.30313
	0.60908		0.99568		0.99842		0.30223
	0.60911		0.99569		0.99843		0.30133
	0.60913		0.99569		0.99843		0.30043
	0.60916		0.9957		0.99843		0.29953
	0.60918		0.9957		0.99843		0.29863
	0.6092		0.99571		0.99843		0.29773
	0.60923		0.99571		0.99843		0.29683
	0.60926		0.99572		0.99843		0.29593
	0.60928		0.99572		0.99844		0.29503
	0.60931		0.99573		0.99844		0.29413
	0.60933		0.99573		0.99844		0.29323
	0.60936		0.99574		0.99844		0.29233
	0.60938		0.99574		0.99844		0.29143
	0.60941		0.99575		0.99844		0.29053
	0.60944		0.99575		0.99844		0.28963
	0.60946		0.99576		0.99845		0.28873
	0.60949		0.99576		0.99845		0.28783
	0.60952		0.99577		0.99845		0.28693
	0.60954		0.99577		0.99845		0.28603
	0.60957		0.99578		0.99845		0.28513
	0.6096		0.99579		0.99845		0.28423
	0.60962		0.99579		0.99845		0.28333
	0.60965		0.9958		0.99846		0.28243
	0.60968		0.9958		0.99846		0.28153
	0.60971		0.99581		0.99846		0.28063
	0.60974		0.99581		0.99846		0.27973
	0.60976		0.99582		0.99846		0.27883
	0.60979		0.99582		0.99846		0.27793
	0.60982		0.99583		0.99846		0.27703
	0.60985		0.99583		0.99847		0.27613
	0.60988		0.99584		0.99847		0.27523
	0.60991		0.99584		0.99847		0.27433
	0.60994		0.99585		0.99847		0.27344
	0.60997		0.99585		0.99847		0.27254
	0.61		0.99586		0.99847		0.27164
	0.61003		0.99586		0.99847		0.27074
	0.61006		0.99587		0.99848		0.26984
	0.61009		0.99587		0.99848		0.26894
	0.61012		0.99587		0.99848		0.26804
	0.61015		0.99588		0.99848		0.26714
	0.61018		0.99588		0.99848		0.26624
	0.61021		0.99589		0.99848		0.26534
	0.61024		0.99589		0.99848		0.26444
	0.61027		0.9959		0.99849		0.26354
	0.6103		0.9959		0.99849		0.26264
	0.61034		0.99591		0.99849		0.26174
	0.61037		0.99591		0.99849		0.26084
	0.6104		0.99592		0.99849		0.25994
	0.61043		0.99592		0.99849		0.25904
	0.61047		0.99593		0.99849		0.25814
	0.6105		0.99593		0.9985		0.25724
	0.61053		0.99594		0.9985		0.25634
	0.61057		0.99594		0.9985		0.25544
	0.6106		0.99595		0.9985		0.25454
	0.61063		0.99595		0.9985		0.25364
	0.61067		0.99596		0.9985		0.25274
	0.6107		0.99596		0.9985		0.25184
	0.61074		0.99597		0.99851		0.25094
	0.61077		0.99597		0.99851		0.25004
	0.61081		0.99598		0.99851		0.24914
	0.61084		0.99598		0.99851		0.24824
	0.61088		0.99599		0.99851		0.24734
	0.61092		0.99599		0.99851		0.24644
	0.61095		0.99599		0.99851		0.24554
	0.61099		0.996		0.99851		0.24464
	0.61102		0.996		0.99852		0.24374
	0.61106		0.99601		0.99852		0.24284
	0.6111		0.99601		0.99852		0.24194
	0.61114		0.99602		0.99852		0.24104
	0.61117		0.99602		0.99852		0.24014
	0.61121		0.99603		0.99852		0.23924
	0.61125		0.99603		0.99852		0.23834
	0.61129		0.99604		0.99853		0.23744
	0.61133		0.99604		0.99853		0.23654
	0.61137		0.99605		0.99853		0.23564
	0.61141		0.99605		0.99853		0.23475
	0.61145		0.99605		0.99853		0.23385
	0.61149		0.99606		0.99853		0.23295
	0.61153		0.99606		0.99853		0.23205
	0.61157		0.99607		0.99854		0.23115
	0.61161		0.99607		0.99854		0.23025
	0.61165		0.99608		0.99854		0.22935
	0.61169		0.99608		0.99854		0.22845
	0.61174		0.99609		0.99854		0.22755
	0.61178		0.99609		0.99854		0.22665
	0.61182		0.9961		0.99854		0.22575
	0.61186		0.9961		0.99854		0.22485
	0.61191		0.9961		0.99855		0.22395
	0.61195		0.99611		0.99855		0.22305
	0.61199		0.99611		0.99855		0.22215
	0.61204		0.99612		0.99855		0.22125
	0.61208		0.99612		0.99855		0.22035
	0.61213		0.99613		0.99855		0.21945
	0.61217		0.99613		0.99855		0.21855
	0.61222		0.99614		0.99856		0.21765
	0.61227		0.99614		0.99856		0.21676
	0.61231		0.99614		0.99856		0.21586
	0.61236		0.99615		0.99856		0.21496
	0.61241		0.99615		0.99856		0.21406
	0.61246		0.99616		0.99856		0.21316
	0.6125		0.99616		0.99856		0.21226
	0.61255		0.99617		0.99856		0.21136
	0.6126		0.99617		0.99857		0.21046
	0.61265		0.99618		0.99857		0.20956
	0.6127		0.99618		0.99857		0.20866
	0.61275		0.99618		0.99857		0.20776
	0.6128		0.99619		0.99857		0.20686
	0.61285		0.99619		0.99857		0.20596
	0.6129		0.9962		0.99857		0.20506
	0.61296		0.9962		0.99858		0.20417
	0.61301		0.99621		0.99858		0.20327
	0.61306		0.99621		0.99858		0.20237
	0.61311		0.99621		0.99858		0.20147
	0.61317		0.99622		0.99858		0.20057
	0.61322		0.99622		0.99858		0.19967
	0.61328		0.99623		0.99858		0.19877
	0.61333		0.99623		0.99858		0.19787
	0.61339		0.99624		0.99859		0.19697
	0.61345		0.99624		0.99859		0.19607
	0.6135		0.99624		0.99859		0.19518
	0.61356		0.99625		0.99859		0.19428
	0.61362		0.99625		0.99859		0.19338
	0.61368		0.99626		0.99859		0.19248
	0.61373		0.99626		0.99859		0.19158
	0.61379		0.99627		0.9986		0.19068
	0.61385		0.99627		0.9986		0.18978
	0.61391		0.99627		0.9986		0.18888
	0.61398		0.99628		0.9986		0.18798
	0.61404		0.99628		0.9986		0.18709
	0.6141		0.99629		0.9986		0.18619
	0.61416		0.99629		0.9986		0.18529
	0.61423		0.9963		0.9986		0.18439
	0.61429		0.9963		0.99861		0.18349
	0.61435		0.9963		0.99861		0.18259
	0.61442		0.99631		0.99861		0.18169
	0.61449		0.99631		0.99861		0.1808
	0.61455		0.99632		0.99861		0.1799
	0.61462		0.99632		0.99861		0.179
	0.61469		0.99633		0.99861		0.1781
	0.61476		0.99633		0.99862		0.1772
	0.61483		0.99633		0.99862		0.1763
	0.6149		0.99634		0.99862		0.17541
	0.61497		0.99634		0.99862		0.17451
	0.61504		0.99635		0.99862		0.17361
	0.61511		0.99635		0.99862		0.17271
	0.61518		0.99635		0.99862		0.17181
	0.61526		0.99636		0.99863		0.17092
	0.61533		0.99636		0.99863		0.17002
	0.61541		0.99637		0.99863		0.16912
	0.61548		0.99637		0.99863		0.16822
	0.61556		0.99638		0.99863		0.16733
	0.61564		0.99638		0.99863		0.16643
	0.61571		0.99638		0.99863		0.16553
	0.61579		0.99639		0.99863		0.16463
	0.61587		0.99639		0.99864		0.16374
	0.61595		0.9964		0.99864		0.16284
	0.61604		0.9964		0.99864		0.16194
	0.61612		0.9964		0.99864		0.16104
	0.6162		0.99641		0.99864		0.16015
	0.61629		0.99641		0.99864		0.15925
	0.61637		0.99642		0.99864		0.15835
	0.61646		0.99642		0.99865		0.15746
	0.61654		0.99643		0.99865		0.15656
	0.61663		0.99643		0.99865		0.15566
	0.61672		0.99643		0.99865		0.15476
	0.61681		0.99644		0.99865		0.15387
	0.6169		0.99644		0.99865		0.15297
	0.617		0.99645		0.99865		0.15208
	0.61709		0.99645		0.99865		0.15118
	0.61718		0.99645		0.99866		0.15028
	0.61728		0.99646		0.99866		0.14939
	0.61738		0.99646		0.99866		0.14849
	0.61747		0.99647		0.99866		0.14759
	0.61757		0.99647		0.99866		0.1467
	0.61767		0.99647		0.99866		0.1458
	0.61777		0.99648		0.99866		0.14491
	0.61788		0.99648		0.99867		0.14401
	0.61798		0.99649		0.99867		0.14312
	0.61808		0.99649		0.99867		0.14222
	0.61819		0.99649		0.99867		0.14133
	0.6183		0.9965		0.99867		0.14043
	0.61841		0.9965		0.99867		0.13954
	0.61852		0.99651		0.99867		0.13864
	0.61863		0.99651		0.99868		0.13775
	0.61874		0.99652		0.99868		0.13685
	0.61886		0.99652		0.99868		0.13596
	0.61897		0.99652		0.99868		0.13507
	0.61909		0.99653		0.99868		0.13417
	0.61921		0.99653		0.99868		0.13328
	0.61933		0.99654		0.99868		0.13238
	0.61945		0.99654		0.99869		0.13149
	0.61958		0.99654		0.99869		0.1306
	0.6197		0.99655		0.99869		0.12971
	0.61983		0.99655		0.99869		0.12881
	0.61996		0.99656		0.99869		0.12792
	0.62009		0.99656		0.99869		0.12703
	0.62022		0.99656		0.99869		0.12614
	0.62035		0.99657		0.9987		0.12524
	0.62049		0.99657		0.9987		0.12435
	0.62063		0.99658		0.9987		0.12346
	0.62077		0.99658		0.9987		0.12257
	0.62091		0.99658		0.9987		0.12168
	0.62105		0.99659		0.9987		0.12079
	0.6212		0.99659		0.99871		0.1199
	0.62134		0.9966		0.99871		0.11901
	0.62149		0.9966		0.99871		0.11812
	0.62164		0.99661		0.99871		0.11723
	0.6218		0.99661		0.99871		0.11634
	0.62195		0.99661		0.99871		0.11545
	0.62211		0.99662		0.99871		0.11457
	0.62227		0.99662		0.99872		0.11368
	0.62244		0.99663		0.99872		0.11279
	0.6226		0.99663		0.99872		0.11191
	0.62277		0.99663		0.99872		0.11102
	0.62294		0.99664		0.99872		0.11013
	0.62311		0.99664		0.99872		0.10925
	0.62329		0.99665		0.99873		0.10836
	0.62347		0.99665		0.99873		0.10748
	0.62365		0.99666		0.99873		0.10659
	0.62383		0.99666		0.99873		0.10571
	0.62402		0.99666		0.99873		0.10483
	0.62421		0.99667		0.99873		0.10395
	0.6244		0.99667		0.99873		0.10306
	0.6246		0.99668		0.99874		0.10218
	0.6248		0.99668		0.99874		0.1013
	0.625		0.99668		0.99874		0.10042
	0.6252		0.99669		0.99874		0.09955
	0.62541		0.99669		0.99874		0.09867
	0.62563		0.9967		0.99874		0.09779
	0.62584		0.9967		0.99875		0.09691
	0.62606		0.99671		0.99875		0.09604
	0.62628		0.99671		0.99875		0.09516
	0.62651		0.99671		0.99875		0.09429
	0.62674		0.99672		0.99875		0.09342
	0.62698		0.99672		0.99876		0.09254
	0.62721		0.99673		0.99876		0.09167
	0.62746		0.99673		0.99876		0.0908
	0.6277		0.99674		0.99876		0.08994
	0.62795		0.99674		0.99876		0.08907
	0.62821		0.99675		0.99876		0.0882
	0.62847		0.99675		0.99877		0.08734
	0.62873		0.99675		0.99877		0.08647
	0.629		0.99676		0.99877		0.08561
	0.62928		0.99676		0.99877		0.08475
	0.62955		0.99677		0.99877		0.08389
	0.62984		0.99677		0.99878		0.08303
	0.63013		0.99678		0.99878		0.08218
	0.63042		0.99678		0.99878		0.08132
	0.63072		0.99679		0.99878		0.08047
	0.63102		0.99679		0.99878		0.07962
	0.63133		0.99679		0.99879		0.07877
	0.63165		0.9968		0.99879		0.07792
	0.63197		0.9968		0.99879		0.07708
	0.6323		0.99681		0.99879		0.07624
	0.63263		0.99681		0.99879		0.0754
	0.63297		0.99682		0.9988		0.07456
	0.63332		0.99682		0.9988		0.07372
	0.63367		0.99683		0.9988		0.07289
	0.63403		0.99683		0.9988		0.07206
	0.63439		0.99684		0.9988		0.07123
	0.63477		0.99684		0.99881		0.07041
	0.63514		0.99685		0.99881		0.06959
	0.63553		0.99685		0.99881		0.06877
	0.63592		0.99686		0.99881		0.06796
	0.63632		0.99686		0.99881		0.06715
	0.63673		0.99687		0.99882		0.06634
	0.63715		0.99687		0.99882		0.06554
	0.63757		0.99688		0.99882		0.06474
	0.638		0.99688		0.99882		0.06394
	0.63844		0.99689		0.99883		0.06315
	0.63888		0.99689		0.99883		0.06236
	0.63934		0.9969		0.99883		0.06158
	0.6398		0.9969		0.99883		0.0608
	0.64027		0.99691		0.99884		0.06003
	0.64075		0.99691		0.99884		0.05926
	0.64124		0.99692		0.99884		0.0585
	0.64173		0.99692		0.99884		0.05774
	0.64224		0.99693		0.99885		0.05699
	0.64275		0.99693		0.99885		0.05624
	0.64327		0.99694		0.99885		0.0555
	0.6438		0.99694		0.99885		0.05477
	0.64434		0.99695		0.99886		0.05404
	0.64488		0.99695		0.99886		0.05332
	0.64544		0.99696		0.99886		0.0526
	0.646		0.99696		0.99886		0.05189
	0.64657		0.99697		0.99887		0.05119
	0.64716		0.99697		0.99887		0.0505
	0.64775		0.99698		0.99887		0.04981
	0.64834		0.99698		0.99887		0.04913
	0.64895		0.99699		0.99888		0.04846
	0.64956		0.997		0.99888		0.0478
	0.65019		0.997		0.99888		0.04714
	0.65082		0.99701		0.99889		0.04649
	0.65146		0.99701		0.99889		0.04585
	0.65211		0.99702		0.99889		0.04522
	0.65276		0.99702		0.99889		0.04459
	0.65343		0.99703		0.9989		0.04398
	0.6541		0.99703		0.9989		0.04337
	0.65477		0.99704		0.9989		0.04277
	0.65546		0.99705		0.99891		0.04218
	0.65615		0.99705		0.99891		0.0416
	0.65685		0.99706		0.99891		0.04102
	0.65756		0.99706		0.99892		0.04046
	0.65827		0.99707		0.99892		0.0399
	0.65899		0.99707		0.99892		0.03935
	0.65972		0.99708		0.99892		0.03881
	0.66045		0.99709		0.99893		0.03828
	0.66119		0.99709		0.99893		0.03776
	0.66193		0.9971		0.99893		0.03724
	0.66268		0.9971		0.99894		0.03674
	0.66344		0.99711		0.99894		0.03624
	0.6642		0.99711		0.99894		0.03575
	0.66497		0.99712		0.99895		0.03527
	0.66574		0.99713		0.99895		0.0348
	0.66651		0.99713		0.99895		0.03433
	0.6673		0.99714		0.99896		0.03388
	0.66808		0.99714		0.99896		0.03343
	0.66887		0.99715		0.99896		0.03299
	0.66966		0.99716		0.99896		0.03255
	0.67046		0.99716		0.99897		0.03213
	0.67126		0.99717		0.99897		0.03171
	0.67207		0.99717		0.99897		0.0313
	0.67288		0.99718		0.99898		0.03089
	0.67369		0.99718		0.99898		0.0305
	0.6745		0.99719		0.99898		0.03011
	0.67532		0.9972		0.99899		0.02973
	0.67614		0.9972		0.99899		0.02935
	0.67697		0.99721		0.99899		0.02898
	0.6778		0.99721		0.999		0.02862
	0.67863		0.99722		0.999		0.02826
	0.67946		0.99722		0.999		0.02791
	0.6803		0.99723		0.99901		0.02757
	0.68113		0.99724		0.99901		0.02723
	0.68197		0.99724		0.99901		0.0269
	0.68282		0.99725		0.99902		0.02657
	0.68366		0.99725		0.99902		0.02625
	0.68451		0.99726		0.99902		0.02594
	0.68535		0.99727		0.99902		0.02563
	0.6862		0.99727		0.99903		0.02532
	0.68706		0.99728		0.99903		0.02502
	0.68791		0.99728		0.99903		0.02473
	0.68877		0.99729		0.99904		0.02444
	0.68962		0.9973		0.99904		0.02416
	0.69048		0.9973		0.99904		0.02388
	0.69134		0.99731		0.99905		0.0236
	0.6922		0.99731		0.99905		0.02333
	0.69306		0.99732		0.99905		0.02307
	0.69393		0.99732		0.99906		0.02281
	0.69479		0.99733		0.99906		0.02255
	0.69566		0.99734		0.99906		0.0223
	0.69653		0.99734		0.99907		0.02205
	0.6974		0.99735		0.99907		0.02181
	0.69827		0.99735		0.99907		0.02157
	0.69914		0.99736		0.99908		0.02133
	0.70001		0.99737		0.99908		0.0211
	0.70088		0.99737		0.99908		0.02087
	0.70175		0.99738		0.99908		0.02064
	0.70263		0.99738		0.99909		0.02042
	0.7035		0.99739		0.99909		0.0202
	0.70438		0.9974		0.99909		0.01999
	0.70526		0.9974		0.9991		0.01977
	0.70613		0.99741		0.9991		0.01957
	0.70701		0.99741		0.9991		0.01936
	0.70789		0.99742		0.99911		0.01916
	0.70877		0.99742		0.99911		0.01896
	0.70965		0.99743		0.99911		0.01876
	0.71053		0.99744		0.99912		0.01857
	0.71141		0.99744		0.99912		0.01838
	0.71229		0.99745		0.99912		0.01819
	0.71318		0.99745		0.99913		0.018
	0.71406		0.99746		0.99913		0.01782
	0.71494		0.99747		0.99913		0.01764
	0.71583		0.99747		0.99913		0.01747
	0.71671		0.99748		0.99914		0.01729
	0.7176		0.99748		0.99914		0.01712
	0.71848		0.99749		0.99914		0.01695
	0.71937		0.9975		0.99915		0.01678
	0.72025		0.9975		0.99915		0.01662
	0.72114		0.99751		0.99915		0.01645
	0.72203		0.99751		0.99916		0.01629
	0.72292		0.99752		0.99916		0.01613
	0.7238		0.99753		0.99916		0.01598
	0.72469		0.99753		0.99917		0.01582
	0.72558		0.99754		0.99917		0.01567
	0.72647		0.99754		0.99917		0.01552
	0.72736		0.99755		0.99917		0.01537
	0.72825		0.99756		0.99918		0.01522
	0.72914		0.99756		0.99918		0.01508
	0.73003		0.99757		0.99918		0.01494
	0.73092		0.99757		0.99919		0.0148
	0.73181		0.99758		0.99919		0.01466
	0.7327		0.99759		0.99919		0.01452
	0.73359		0.99759		0.9992		0.01438
	0.73448		0.9976		0.9992		0.01425
	0.73537		0.99761		0.9992		0.01412
	0.73626		0.99761		0.9992		0.01399
	0.73715		0.99762		0.99921		0.01386
	0.73805		0.99762		0.99921		0.01373
	0.73894		0.99763		0.99921		0.0136
	0.73983		0.99764		0.99922		0.01348
	0.74072		0.99764		0.99922		0.01336
	0.74162		0.99765		0.99922		0.01324
	0.74251		0.99765		0.99923		0.01311
	0.7434		0.99766		0.99923		0.013
	0.74429		0.99767		0.99923		0.01288
	0.74519		0.99767		0.99923		0.01276
	0.74608		0.99768		0.99924		0.01265
	0.74698		0.99769		0.99924		0.01253
	0.74787		0.99769		0.99924		0.01242
	0.74876		0.9977		0.99925		0.01231
	0.74966		0.9977		0.99925		0.0122
	0.75055		0.99771		0.99925		0.01209
	0.75145		0.99772		0.99926		0.01199
	0.75234		0.99772		0.99926		0.01188
	0.75324		0.99773		0.99926		0.01178
	0.75413		0.99773		0.99926		0.01167
	0.75503		0.99774		0.99927		0.01157
	0.75592		0.99775		0.99927		0.01147
	0.75682		0.99775		0.99927		0.01137
	0.75771		0.99776		0.99928		0.01127
	0.75861		0.99777		0.99928		0.01117
	0.7595		0.99777		0.99928		0.01107
	0.7604		0.99778		0.99929		0.01098
	0.76129		0.99779		0.99929		0.01088
	0.76219		0.99779		0.99929		0.01079
	0.76308		0.9978		0.99929		0.01069
	0.76398		0.9978		0.9993		0.0106
	0.76488		0.99781		0.9993		0.01051
	0.76577		0.99782		0.9993		0.01042
	0.76667		0.99782		0.99931		0.01033
	0.76757		0.99783		0.99931		0.01024
	0.76846		0.99784		0.99931		0.01015
	0.76936		0.99784		0.99931		0.01007
	0.77025		0.99785		0.99932		0.00998
	0.77115		0.99786		0.99932		0.00989
	0.77205		0.99786		0.99932		0.00981
	0.77294		0.99787		0.99933		0.00973
	0.77384		0.99788		0.99933		0.00964
	0.77474		0.99788		0.99933		0.00956
	0.77564		0.99789		0.99934		0.00948
	0.77653		0.99789		0.99934		0.0094
	0.77743		0.9979		0.99934		0.00932
	0.77833		0.99791		0.99934		0.00924
	0.77922		0.99791		0.99935		0.00916
	0.78012		0.99792		0.99935		0.00908
	0.78102		0.99793		0.99935		0.00901
	0.78192		0.99793		0.99936		0.00893
	0.78281		0.99794		0.99936		0.00886
	0.78371		0.99795		0.99936		0.00878
	0.78461		0.99795		0.99936		0.00871
	0.7855		0.99796		0.99937		0.00863
	0.7864		0.99797		0.99937		0.00856
	0.7873		0.99797		0.99937		0.00849
	0.7882		0.99798		0.99938		0.00842
	0.7891		0.99799		0.99938		0.00835
	0.78999		0.99799		0.99938		0.00828
	0.79089		0.998		0.99938		0.00821
	0.79179		0.99801		0.99939		0.00814
	0.79269		0.99801		0.99939		0.00807
	0.79358		0.99802		0.99939		0.008
	0.79448		0.99803		0.9994		0.00793
	0.79538		0.99803		0.9994		0.00787
	0.79628		0.99804		0.9994		0.0078
	0.79718		0.99805		0.9994		0.00774
	0.79807		0.99805		0.99941		0.00767
	0.79897		0.99806		0.99941		0.00761
	0.79987		0.99807		0.99941		0.00754
	0.80077		0.99808		0.99942		0.00748
	0.80167		0.99808		0.99942		0.00742
	0.80256		0.99809		0.99942		0.00735
	0.80346		0.9981		0.99942		0.00729
	0.80436		0.9981		0.99943		0.00723
	0.80526		0.99811		0.99943		0.00717
	0.80616		0.99812		0.99943		0.00711
	0.80706		0.99812		0.99944		0.00705
	0.80795		0.99813		0.99944		0.00699
	0.80885		0.99814		0.99944		0.00693
	0.80975		0.99814		0.99944		0.00687
	0.81065		0.99815		0.99945		0.00681
	0.81155		0.99816		0.99945		0.00676
	0.81245		0.99817		0.99945		0.0067
	0.81335		0.99817		0.99946		0.00664
	0.81424		0.99818		0.99946		0.00659
	0.81514		0.99819		0.99946		0.00653
	0.81604		0.99819		0.99946		0.00647
	0.81694		0.9982		0.99947		0.00642
	0.81784		0.99821		0.99947		0.00636
	0.81874		0.99821		0.99947		0.00631
	0.81964		0.99822		0.99948		0.00626
	0.82053		0.99823		0.99948		0.0062
	0.82143		0.99824		0.99948		0.00615
	0.82233		0.99824		0.99948		0.0061
	0.82323		0.99825		0.99949		0.00605
	0.82413		0.99826		0.99949		0.00599
	0.82503		0.99826		0.99949		0.00594
	0.82593		0.99827		0.99949		0.00589
	0.82683		0.99828		0.9995		0.00584
	0.82773		0.99829		0.9995		0.00579
	0.82862		0.99829		0.9995		0.00574
	0.82952		0.9983		0.99951		0.00569
	0.83042		0.99831		0.99951		0.00564
	0.83132		0.99832		0.99951		0.00559
	0.83222		0.99832		0.99951		0.00554
	0.83312		0.99833		0.99952		0.00549
	0.83402		0.99834		0.99952		0.00545
	0.83492		0.99835		0.99952		0.0054
	0.83582		0.99835		0.99953		0.00535
	0.83671		0.99836		0.99953		0.0053
	0.83761		0.99837		0.99953		0.00526
	0.83851		0.99837		0.99953		0.00521
	0.83941		0.99838		0.99954		0.00517
	0.84031		0.99839		0.99954		0.00512
	0.84121		0.9984		0.99954		0.00507
	0.84211		0.9984		0.99954		0.00503
	0.84301		0.99841		0.99955		0.00498
	0.84391		0.99842		0.99955		0.00494
	0.84481		0.99843		0.99955		0.0049
	0.84571		0.99843		0.99956		0.00485
	0.8466		0.99844		0.99956		0.00481
	0.8475		0.99845		0.99956		0.00477
	0.8484		0.99846		0.99956		0.00472
	0.8493		0.99846		0.99957		0.00468
	0.8502		0.99847		0.99957		0.00464
	0.8511		0.99848		0.99957		0.00459
	0.852		0.99849		0.99957		0.00455
	0.8529		0.9985		0.99958		0.00451
	0.8538		0.9985		0.99958		0.00447
	0.8547		0.99851		0.99958		0.00443
	0.8556		0.99852		0.99959		0.00439
	0.8565		0.99853		0.99959		0.00435
	0.8574		0.99853		0.99959		0.00431
	0.85829		0.99854		0.99959		0.00427
	0.85919		0.99855		0.9996		0.00423
	0.86009		0.99856		0.9996		0.00419
	0.86099		0.99856		0.9996		0.00415
	0.86189		0.99857		0.9996		0.00411
	0.86279		0.99858		0.99961		0.00407
	0.86369		0.99859		0.99961		0.00403
	0.86459		0.9986		0.99961		0.00399
	0.86549		0.9986		0.99962		0.00395
	0.86639		0.99861		0.99962		0.00392
	0.86729		0.99862		0.99962		0.00388
	0.86819		0.99863		0.99962		0.00384
	0.86909		0.99864		0.99963		0.0038
	0.86999		0.99864		0.99963		0.00377
	0.87089		0.99865		0.99963		0.00373
	0.87178		0.99866		0.99963		0.00369
	0.87268		0.99867		0.99964		0.00366
	0.87358		0.99868		0.99964		0.00362
	0.87448		0.99868		0.99964		0.00358
	0.87538		0.99869		0.99965		0.00355
	0.87628		0.9987		0.99965		0.00351
	0.87718		0.99871		0.99965		0.00348
	0.87808		0.99872		0.99965		0.00344
	0.87898		0.99872		0.99966		0.00341
	0.87988		0.99873		0.99966		0.00337
	0.88078		0.99874		0.99966		0.00334
	0.88168		0.99875		0.99966		0.0033
	0.88258		0.99876		0.99967		0.00327
	0.88348		0.99877		0.99967		0.00324
	0.88438		0.99877		0.99967		0.0032
	0.88528		0.99878		0.99967		0.00317
	0.88618		0.99879		0.99968		0.00313
	0.88708		0.9988		0.99968		0.0031
	0.88798		0.99881		0.99968		0.00307
	0.88887		0.99882		0.99969		0.00304
	0.88977		0.99882		0.99969		0.003
	0.89067		0.99883		0.99969		0.00297
	0.89157		0.99884		0.99969		0.00294
	0.89247		0.99885		0.9997		0.00291
	0.89337		0.99886		0.9997		0.00287
	0.89427		0.99887		0.9997		0.00284
	0.89517		0.99887		0.9997		0.00281
	0.89607		0.99888		0.99971		0.00278
	0.89697		0.99889		0.99971		0.00275
	0.89787		0.9989		0.99971		0.00272
	0.89877		0.99891		0.99971		0.00269
	0.89967		0.99892		0.99972		0.00266
	0.90057		0.99893		0.99972		0.00262
	0.90147		0.99893		0.99972		0.00259
	0.90237		0.99894		0.99972		0.00256
	0.90327		0.99895		0.99973		0.00253
	0.90417		0.99896		0.99973		0.0025
	0.90507		0.99897		0.99973		0.00247
	0.90597		0.99898		0.99974		0.00244
	0.90687		0.99899		0.99974		0.00241
	0.90777		0.99899		0.99974		0.00239
	0.90866		0.999		0.99974		0.00236
	0.90956		0.99901		0.99975		0.00233
	0.91046		0.99902		0.99975		0.0023
	0.91136		0.99903		0.99975		0.00227
	0.91226		0.99904		0.99975		0.00224
	0.91316		0.99905		0.99976		0.00221
	0.91406		0.99906		0.99976		0.00218
	0.91496		0.99906		0.99976		0.00216
	0.91586		0.99907		0.99976		0.00213
	0.91676		0.99908		0.99977		0.0021
	0.91766		0.99909		0.99977		0.00207
	0.91856		0.9991		0.99977		0.00204
	0.91946		0.99911		0.99977		0.00202
	0.92036		0.99912		0.99978		0.00199
	0.92126		0.99913		0.99978		0.00196
	0.92216		0.99914		0.99978		0.00193
	0.92306		0.99915		0.99978		0.00191
	0.92396		0.99915		0.99979		0.00188
	0.92486		0.99916		0.99979		0.00185
	0.92576		0.99917		0.99979		0.00183
	0.92666		0.99918		0.9998		0.0018
	0.92756		0.99919		0.9998		0.00178
	0.92846		0.9992		0.9998		0.00175
	0.92936		0.99921		0.9998		0.00172
	0.93026		0.99922		0.99981		0.0017
	0.93116		0.99923		0.99981		0.00167
	0.93206		0.99924		0.99981		0.00165
	0.93296		0.99925		0.99981		0.00162
	0.93385		0.99926		0.99982		0.00159
	0.93475		0.99926		0.99982		0.00157
	0.93565		0.99927		0.99982		0.00154
	0.93655		0.99928		0.99982		0.00152
	0.93745		0.99929		0.99983		0.00149
	0.93835		0.9993		0.99983		0.00147
	0.93925		0.99931		0.99983		0.00144
	0.94015		0.99932		0.99983		0.00142
	0.94105		0.99933		0.99984		0.00139
	0.94195		0.99934		0.99984		0.00137
	0.94285		0.99935		0.99984		0.00135
	0.94375		0.99936		0.99984		0.00132
	0.94465		0.99937		0.99985		0.0013
	0.94555		0.99938		0.99985		0.00127
	0.94645		0.99939		0.99985		0.00125
	0.94735		0.9994		0.99985		0.00123
	0.94825		0.99941		0.99986		0.0012
	0.94915		0.99942		0.99986		0.00118
	0.95005		0.99943		0.99986		0.00116
	0.95095		0.99944		0.99986		0.00113
	0.95185		0.99945		0.99987		0.00111
	0.95275		0.99946		0.99987		0.00109
	0.95365		0.99947		0.99987		0.00106
	0.95455		0.99948		0.99987		0.00104
	0.95545		0.99949		0.99988		0.00102
	0.95635		0.99949		0.99988		0.00099
	0.95725		0.9995		0.99988		0.00097
	0.95815		0.99951		0.99988		0.00095
	0.95905		0.99952		0.99989		0.00093
	0.95995		0.99953		0.99989		0.0009
	0.96085		0.99954		0.99989		0.00088
	0.96175		0.99955		0.99989		0.00086
	0.96265		0.99956		0.9999		0.00084
	0.96355		0.99957		0.9999		0.00082
	0.96444		0.99958		0.9999		0.00079
	0.96534		0.99959		0.9999		0.00077
	0.96624		0.9996		0.99991		0.00075
	0.96714		0.99961		0.99991		0.00073
	0.96804		0.99962		0.99991		0.00071
	0.96894		0.99963		0.99991		0.00069
	0.96984		0.99965		0.99992		0.00067
	0.97074		0.99966		0.99992		0.00064
	0.97164		0.99967		0.99992		0.00062
	0.97254		0.99968		0.99992		0.0006
	0.97344		0.99969		0.99993		0.00058
	0.97434		0.9997		0.99993		0.00056
	0.97524		0.99971		0.99993		0.00054
	0.97614		0.99972		0.99993		0.00052
	0.97704		0.99973		0.99994		0.0005
	0.97794		0.99974		0.99994		0.00048
	0.97884		0.99975		0.99994		0.00046
	0.97974		0.99976		0.99994		0.00044
	0.98064		0.99977		0.99995		0.00042
	0.98154		0.99978		0.99995		0.0004
	0.98244		0.99979		0.99995		0.00038
	0.98334		0.9998		0.99995		0.00036
	0.98424		0.99981		0.99996		0.00034
	0.98514		0.99982		0.99996		0.00032
	0.98604		0.99983		0.99996		0.0003
	0.98694		0.99984		0.99996		0.00028
	0.98784		0.99985		0.99997		0.00026
	0.98874		0.99986		0.99997		0.00024
	0.98964		0.99987		0.99997		0.00022
	0.99054		0.99989		0.99997		0.0002
	0.99144		0.9999		0.99998		0.00018
	0.99234		0.99991		0.99998		0.00016
	0.99324		0.99992		0.99998		0.00014
	0.99414		0.99993		0.99998		0.00012
	0.99504		0.99994		0.99999		0.0001
	0.99594		0.99995		0.99999		0.00008
	0.99684		0.99996		0.99999		0.00007
	0.99774		0.99997		0.99999		0.00005
	0.99864		0.99998		1		0.00003
	0.99954		0.99999		1		0.00001
	0.99997		1		1		0
